9.780000000000022453e+01
1.095000000000001990e+02
1.067000000000000739e+02
1.044000000000000909e+02
1.113000000000001393e+02
1.349000000000001478e+02
1.158000000000002103e+02
1.188000000000002530e+02
1.308000000000000966e+02
1.259000000000002188e+02
1.170000000000000568e+02
1.092000000000001165e+02
1.331999999999999318e+02
1.048000000000001535e+02
1.263000000000001961e+02
1.212000000000001307e+02
1.019000000000001052e+02
9.200000000000019895e+01
1.021000000000001080e+02
1.392000000000002160e+02
1.373000000000001535e+02
1.062000000000001165e+02
1.453000000000000114e+02
1.073000000000000824e+02
1.194000000000000909e+02
1.280000000000000568e+02
1.236000000000001080e+02
1.076000000000001791e+02
1.466000000000001080e+02
9.830000000000009663e+01
1.247000000000000881e+02
1.195000000000000426e+02
1.294000000000000625e+02
1.059000000000001904e+02
1.006000000000002359e+02
1.516000000000000512e+02
1.198000000000001251e+02
1.232000000000002728e+02
1.105000000000001563e+02
1.233000000000000966e+02
1.192000000000002018e+02
1.087000000000000313e+02
1.067000000000002018e+02
1.187000000000001592e+02
1.281000000000001648e+02
1.121000000000003070e+02
1.217000000000001450e+02
1.041000000000001506e+02
9.840000000000011937e+01
9.990000000000014779e+01
1.197000000000000881e+02
1.112000000000001734e+02
1.014000000000001052e+02
1.294000000000001478e+02
1.272000000000002728e+02
1.219999999999999432e+02
1.366999999999999886e+02
1.485000000000000284e+02
1.097000000000002586e+02
1.236999999999999886e+02
1.325000000000000568e+02
1.459000000000000909e+02
1.087000000000002160e+02
1.227000000000001450e+02
1.212000000000001450e+02
1.045000000000002558e+02
1.113000000000001108e+02
1.039000000000001620e+02
1.190000000000000284e+02
1.246000000000001222e+02
1.313000000000000398e+02
1.175000000000001563e+02
1.084000000000001194e+02
1.114000000000001194e+02
9.810000000000012221e+01
1.162000000000001023e+02
1.292000000000001023e+02
1.006000000000001080e+02
1.160000000000001137e+02
1.197999999999999403e+02
1.085000000000001990e+02
1.118000000000002672e+02
1.128000000000000824e+02
1.290000000000000000e+02
1.107000000000000739e+02
1.152000000000001165e+02
1.284000000000000909e+02
1.057000000000003013e+02
1.095000000000002132e+02
1.180000000000001705e+02
1.215000000000000853e+02
1.111000000000001791e+02
9.420000000000017337e+01
1.257000000000001307e+02
1.041000000000000796e+02
1.127000000000001307e+02
1.149000000000001620e+02
1.298000000000001535e+02
1.080000000000001279e+02
1.308000000000002103e+02
1.144000000000001620e+02
1.043000000000002245e+02
1.281000000000001080e+02
1.306000000000001080e+02
1.278000000000001393e+02
1.244000000000000199e+02
9.930000000000003979e+01
1.372000000000000455e+02
9.520000000000025864e+01
1.446999999999999886e+02
1.242000000000002871e+02
1.224000000000000199e+02
1.201000000000002075e+02
1.465000000000000284e+02
1.131000000000000512e+02
1.487999999999999545e+02
1.325000000000001705e+02
1.511000000000000796e+02
1.208000000000001251e+02
1.163000000000000540e+02
1.064000000000001194e+02
1.427999999999999261e+02
1.467999999999999829e+02
1.148999999999999204e+02
1.270000000000002274e+02
1.370000000000000284e+02
1.029000000000001478e+02
1.157000000000001307e+02
1.307000000000000455e+02
1.392000000000001307e+02
1.278999999999998352e+02
1.524000000000002899e+02
1.226000000000000512e+02
1.207000000000001165e+02
1.125000000000001847e+02
8.870000000000010232e+01
1.223000000000001393e+02
1.036000000000002927e+02
1.047000000000002160e+02
1.129000000000001052e+02
9.630000000000006821e+01
1.308000000000001251e+02
9.480000000000021032e+01
1.111000000000001648e+02
1.201000000000002217e+02
1.233000000000002245e+02
1.373000000000002103e+02
1.035000000000001421e+02
1.173000000000001251e+02
1.335000000000000853e+02
1.028000000000000824e+02
1.287000000000000455e+02
1.547999999999999545e+02
1.067000000000001023e+02
1.238999999999999631e+02
1.443000000000000966e+02
1.122000000000000313e+02
1.280000000000001990e+02
1.167000000000001450e+02
1.267000000000001307e+02
1.054000000000002473e+02
1.305000000000001990e+02
1.269000000000002331e+02
1.123000000000003240e+02
1.192000000000000739e+02
1.355000000000000568e+02
1.254999999999999432e+02
1.153000000000000682e+02
1.076000000000000227e+02
1.126000000000002217e+02
1.225000000000000426e+02
1.232999999999999829e+02
9.620000000000015916e+01
1.167000000000001307e+02
1.367000000000000171e+02
9.670000000000025864e+01
1.465999999999998522e+02
9.480000000000018190e+01
1.182000000000000597e+02
1.361000000000000796e+02
1.185000000000000995e+02
9.950000000000034106e+01
1.123000000000001535e+02
1.169000000000002473e+02
1.022000000000001734e+02
1.221000000000001222e+02
1.154000000000002899e+02
9.780000000000011084e+01
1.267000000000000739e+02
1.400000000000002274e+02
1.268000000000000540e+02
1.149000000000001052e+02
1.044000000000001336e+02
1.164000000000001052e+02
1.137000000000001876e+02
9.600000000000038369e+01
1.258000000000000966e+02
1.223000000000001677e+02
1.049000000000002046e+02
1.170000000000000000e+02
1.216000000000002217e+02
1.047000000000002018e+02
1.702000000000002444e+02
1.195000000000000995e+02
1.103000000000000398e+02
1.047000000000003439e+02
1.395000000000001421e+02
1.133000000000000540e+02
1.244000000000002331e+02
1.223000000000000824e+02
1.286000000000000227e+02
1.125000000000000853e+02
1.260000000000001563e+02
1.124000000000003183e+02
1.178000000000000682e+02
1.213000000000001393e+02
9.720000000000017337e+01
1.411999999999999602e+02
1.246000000000001933e+02
1.418000000000001251e+02
1.255000000000001847e+02
1.458999999999996930e+02
1.063000000000001961e+02
1.144000000000002331e+02
1.385000000000000284e+02
9.550000000000007105e+01
1.363999999999999488e+02
1.296000000000000796e+02
1.299000000000000909e+02
1.335000000000000568e+02
1.178000000000000682e+02
1.180000000000001421e+02
1.293000000000000966e+02
1.312000000000000171e+02
1.179000000000000483e+02
1.412999999999999829e+02
1.160000000000001421e+02
1.324000000000002331e+02
1.205000000000000284e+02
1.017000000000002160e+02
1.224000000000001194e+02
1.143000000000001961e+02
1.121000000000000369e+02
1.290999999999999943e+02
1.130000000000000711e+02
1.231000000000001080e+02
1.433999999999998352e+02
1.309000000000000909e+02
1.108000000000001961e+02
1.160000000000000426e+02
1.369000000000002046e+02
1.100000000000002132e+02
1.286000000000000796e+02
1.325000000000000284e+02
1.342999999999998124e+02
1.187999999999999829e+02
1.298999999999999773e+02
1.137000000000000597e+02
1.052000000000003013e+02
1.167000000000001307e+02
1.282000000000000739e+02
1.202999999999999972e+02
1.026000000000000654e+02
1.089000000000000199e+02
1.213000000000002103e+02
1.190000000000002416e+02
1.094000000000001194e+02
1.150000000000000853e+02
1.270000000000002416e+02
1.288000000000000398e+02
9.500000000000017053e+01
1.053999999999999062e+02
1.159000000000000625e+02
1.012000000000001165e+02
1.097000000000001023e+02
1.071000000000003070e+02
1.356000000000001364e+02
1.227000000000001450e+02
1.064000000000001194e+02
1.264000000000001620e+02
1.151000000000001648e+02
1.070000000000001137e+02
1.085000000000001279e+02
1.118000000000000824e+02
1.388000000000000682e+02
1.063000000000000114e+02
1.148000000000001677e+02
1.138000000000000114e+02
1.032999999999999972e+02
1.109999999999999858e+02
1.236000000000001791e+02
1.351999999999999318e+02
1.228000000000001535e+02
1.231999999999999034e+02
1.128000000000001535e+02
1.156000000000001364e+02
1.256000000000002643e+02
1.116000000000001080e+02
1.308000000000000398e+02
1.378000000000002387e+02
1.114000000000001478e+02
1.251000000000000085e+02
1.314000000000000057e+02
1.152000000000003297e+02
1.192000000000000739e+02
1.164000000000002188e+02
1.098000000000001251e+02
1.400000000000001137e+02
1.246000000000001648e+02
1.202000000000000881e+02
1.039000000000000625e+02
9.540000000000016200e+01
1.051000000000001933e+02
1.001000000000001080e+02
1.066000000000000938e+02
1.254000000000001904e+02
1.011000000000000654e+02
1.118000000000001961e+02
8.520000000000014495e+01
1.205000000000000000e+02
1.188000000000001251e+02
1.227000000000002586e+02
9.540000000000013358e+01
1.252999999999999972e+02
9.710000000000016485e+01
1.397000000000000455e+02
1.259000000000000199e+02
1.115000000000002132e+02
1.102000000000000739e+02
1.272000000000000597e+02
1.090000000000001847e+02
1.168000000000001393e+02
1.106000000000002927e+02
1.180000000000002558e+02
1.507000000000002728e+02
1.218000000000001108e+02
1.403000000000000398e+02
1.246000000000000512e+02
1.295000000000001137e+02
1.186000000000001933e+02
1.261000000000001933e+02
1.167000000000001592e+02
1.021000000000000654e+02
1.386999999999998749e+02
1.173000000000001677e+02
1.133000000000000114e+02
1.170999999999999943e+02
1.278000000000001251e+02
1.250000000000001137e+02
1.175999999999999943e+02
1.161000000000000654e+02
1.039000000000002046e+02
1.232000000000001023e+02
9.790000000000020464e+01
1.100000000000002132e+02
1.284999999999999716e+02
1.056000000000000227e+02
1.139000000000001620e+02
1.050000000000001705e+02
1.177000000000002160e+02
9.779999999999998295e+01
1.204000000000000625e+02
1.198000000000000966e+02
1.184000000000001478e+02
1.112000000000001165e+02
1.312000000000000739e+02
1.307000000000001023e+02
9.950000000000008527e+01
1.196000000000001080e+02
1.059000000000002473e+02
1.143000000000000540e+02
8.700000000000018474e+01
1.370999999999998238e+02
1.150000000000001421e+02
1.263000000000000256e+02
1.219000000000001620e+02
1.120000000000001847e+02
1.466999999999998749e+02
1.371999999999999034e+02
1.059000000000001336e+02
1.354000000000001762e+02
9.380000000000011084e+01
1.101000000000001222e+02
1.050999999999999943e+02
1.128000000000001961e+02
1.171000000000000512e+02
1.252999999999999403e+02
1.183000000000001393e+02
1.180000000000001279e+02
1.157000000000000881e+02
9.300000000000021316e+01
1.273000000000000398e+02
1.216000000000003638e+02
1.184000000000001478e+02
1.241000000000000796e+02
1.197000000000002444e+02
1.196000000000000085e+02
1.287999999999999261e+02
1.046000000000001933e+02
1.342000000000000171e+02
1.162000000000001450e+02
1.007000000000001592e+02
1.060000000000000995e+02
1.218000000000001535e+02
1.291000000000001648e+02
1.203000000000001393e+02
1.215000000000002132e+02
1.128000000000000966e+02
1.296000000000000512e+02
1.139000000000002473e+02
9.080000000000013927e+01
1.323000000000000682e+02
1.433000000000000966e+02
1.124000000000001478e+02
1.378000000000001819e+02
1.158000000000001961e+02
1.261000000000000796e+02
1.149000000000002046e+02
1.329000000000000909e+02
1.117000000000001307e+02
1.227000000000001450e+02
9.760000000000017906e+01
1.151000000000001933e+02
1.085000000000001421e+02
1.225000000000000853e+02
1.098000000000000966e+02
1.272000000000000028e+02
1.110000000000001563e+02
1.070000000000000853e+02
1.311999999999998749e+02
1.125000000000001563e+02
1.424000000000000341e+02
1.018000000000001108e+02
1.065000000000001279e+02
1.155000000000001421e+02
1.141000000000001080e+02
1.217000000000002302e+02
1.097000000000001165e+02
1.280000000000001137e+02
1.279000000000000057e+02
1.281000000000001648e+02
1.079000000000001336e+02
1.195000000000000711e+02
1.077000000000001876e+02
1.361000000000000512e+02
1.333000000000001819e+02
1.236000000000001648e+02
1.045000000000003695e+02
1.360999999999999943e+02
1.436999999999999034e+02
1.231000000000000227e+02
1.263000000000000682e+02
1.204000000000001052e+02
1.096000000000001791e+02
1.309000000000002046e+02
1.083000000000001819e+02
1.169000000000000483e+02
1.160000000000001563e+02
1.056000000000000085e+02
1.391000000000000512e+02
1.193000000000001819e+02
9.660000000000010800e+01
1.177000000000001734e+02
1.147000000000002018e+02
1.446999999999999318e+02
1.307999999999999829e+02
1.267000000000000597e+02
1.261000000000001506e+02
1.403999999999999773e+02
1.232000000000000028e+02
1.522000000000000455e+02
1.173999999999999915e+02
1.330999999999999091e+02
1.240000000000001847e+02
1.283000000000001251e+02
1.091000000000002643e+02
1.359000000000001762e+02
1.266000000000001364e+02
1.285000000000000568e+02
1.176000000000001222e+02
1.104000000000001904e+02
1.108000000000001819e+02
1.149000000000002331e+02
1.464000000000000341e+02
1.269000000000001620e+02
1.346000000000000512e+02
1.296000000000001648e+02
1.198000000000001819e+02
1.194000000000001620e+02
1.144000000000002188e+02
1.055000000000001847e+02
1.115000000000000426e+02
1.335999999999999659e+02
1.008000000000002103e+02
1.216000000000001648e+02
1.106000000000002075e+02
1.248000000000002672e+02
1.414999999999998863e+02
1.122000000000002302e+02
9.840000000000023306e+01
1.205999999999999375e+02
1.199000000000002046e+02
1.076000000000001933e+02
1.134000000000000341e+02
1.456999999999998749e+02
1.110000000000002700e+02
1.174000000000001052e+02
1.230000000000002700e+02
1.182000000000000171e+02
1.312000000000001307e+02
1.311000000000000512e+02
1.040000000000003411e+02
1.274000000000001052e+02
1.110000000000001137e+02
9.720000000000010232e+01
1.106000000000002075e+02
1.137000000000001876e+02
1.347000000000000171e+02
1.168000000000001393e+02
1.107000000000001165e+02
1.178000000000001108e+02
1.177000000000001450e+02
1.236000000000000227e+02
1.137000000000001307e+02
1.015000000000001563e+02
1.371999999999999886e+02
1.275000000000000853e+02
1.134000000000000625e+02
1.168000000000001393e+02
1.184000000000001762e+02
1.177000000000002444e+02
1.365000000000000568e+02
1.147000000000001734e+02
1.216000000000000085e+02
1.198999999999998778e+02
1.282000000000000171e+02
1.264000000000001762e+02
1.614000000000000909e+02
1.199000000000000909e+02
1.161000000000002643e+02
1.130000000000000711e+02
1.209000000000001904e+02
1.255000000000002842e+02
1.001000000000003070e+02
1.401000000000000796e+02
1.139000000000001336e+02
1.058000000000002103e+02
1.184999999999999289e+02
1.114000000000001194e+02
1.274000000000001052e+02
1.392000000000001307e+02
1.042000000000002444e+02
8.460000000000025011e+01
1.129000000000001336e+02
1.032000000000001450e+02
1.372000000000001307e+02
1.168000000000001819e+02
1.010000000000001279e+02
1.187000000000000028e+02
1.192000000000002871e+02
1.007000000000001592e+02
1.182999999999999972e+02
1.098000000000000540e+02
1.532999999999999829e+02
1.359000000000000909e+02
1.195000000000000995e+02
1.344000000000000341e+02
1.323999999999999488e+02
1.043000000000001535e+02
1.206000000000001933e+02
1.359000000000000909e+02
1.149000000000001762e+02
1.292000000000001023e+02
8.710000000000029274e+01
1.112000000000002444e+02
1.075000000000001563e+02
1.151000000000001506e+02
1.339999999999999432e+02
1.100000000000001847e+02
1.123000000000001251e+02
1.357999999999999829e+02
1.159000000000001478e+02
1.034000000000001336e+02
1.287000000000002444e+02
1.103000000000001535e+02
1.194000000000001336e+02
1.131000000000000796e+02
1.237000000000001450e+02
1.403000000000000682e+02
1.279000000000000625e+02
1.171000000000001364e+02
1.254000000000002331e+02
1.268000000000001819e+02
1.215000000000000568e+02
1.250000000000001279e+02
1.196000000000000796e+02
1.343000000000001535e+02
1.249000000000001052e+02
1.271000000000000227e+02
1.399000000000000057e+02
1.073000000000000682e+02
1.244000000000000767e+02
1.545999999999999659e+02
9.680000000000019611e+01
1.129000000000003041e+02
1.117000000000000881e+02
9.830000000000032401e+01
1.129000000000000483e+02
1.109000000000000625e+02
1.128000000000000966e+02
1.188999999999999915e+02
9.050000000000018474e+01
1.416000000000001648e+02
1.776000000000001080e+02
1.102000000000001450e+02
1.084000000000000909e+02
1.173000000000000540e+02
1.056000000000002075e+02
1.305000000000001137e+02
1.145000000000000000e+02
9.620000000000004547e+01
1.025000000000001705e+02
1.113000000000001251e+02
1.023000000000001961e+02
1.252000000000001876e+02
1.258000000000002245e+02
1.378999999999998352e+02
1.293000000000001251e+02
9.510000000000017906e+01
1.177000000000001734e+02
1.106000000000000512e+02
1.322999999999999829e+02
1.237000000000001023e+02
1.306999999999997897e+02
1.214000000000001478e+02
1.406999999999999318e+02
9.560000000000023590e+01
1.201000000000000938e+02
1.100000000000000995e+02
1.329000000000000625e+02
1.259000000000001620e+02
1.269000000000001052e+02
1.268000000000001251e+02
1.094000000000001904e+02
1.302000000000000455e+02
1.019000000000002046e+02
1.223000000000000256e+02
1.157000000000001592e+02
1.290000000000000000e+02
1.524000000000000625e+02
1.063000000000000540e+02
1.131000000000001648e+02
1.127000000000001592e+02
1.174000000000000057e+02
1.290000000000000568e+02
1.199000000000001052e+02
1.221000000000000654e+02
1.303000000000000966e+02
1.085000000000002984e+02
9.870000000000023022e+01
1.243000000000000256e+02
1.115000000000002274e+02
1.021000000000001222e+02
1.217000000000000881e+02
1.072000000000000739e+02
1.223000000000002672e+02
1.103000000000001251e+02
1.324000000000000341e+02
1.244000000000000341e+02
1.172999999999999972e+02
1.046000000000000227e+02
1.246000000000000938e+02
9.870000000000020179e+01
1.366000000000000796e+02
1.237000000000000739e+02
9.380000000000015348e+01
1.162999999999999972e+02
1.356999999999999602e+02
1.097000000000001734e+02
1.142000000000002302e+02
1.302999999999999829e+02
1.055000000000001847e+02
1.149000000000002046e+02
1.213000000000000398e+02
1.060000000000001705e+02
1.154000000000002899e+02
1.061000000000001933e+02
1.329999999999998579e+02
1.236999999999999744e+02
1.297000000000001592e+02
1.173000000000000398e+02
1.184000000000000909e+02
1.270999999999999801e+02
1.002000000000003013e+02
1.161000000000001080e+02
1.351999999999999886e+02
1.249000000000001620e+02
1.503000000000002103e+02
1.160000000000000426e+02
1.162000000000000597e+02
1.150000000000001421e+02
1.124000000000000341e+02
8.770000000000020179e+01
1.499000000000001478e+02
1.110000000000001990e+02
1.160000000000000284e+02
1.193000000000002530e+02
1.184000000000000625e+02
1.139000000000002331e+02
1.263000000000000540e+02
9.690000000000020464e+01
8.600000000000022737e+01
1.129000000000001052e+02
1.322000000000001023e+02
1.231000000000001506e+02
1.319000000000000909e+02
1.116000000000001222e+02
1.069000000000001052e+02
1.170000000000002132e+02
1.132000000000000881e+02
1.251000000000001364e+02
1.198000000000001251e+02
1.298999999999999204e+02
1.148000000000000824e+02
1.061000000000000796e+02
1.318000000000000966e+02
1.203000000000001677e+02
1.102000000000001734e+02
1.084000000000002473e+02
1.199000000000001478e+02
1.301000000000002501e+02
1.302000000000001876e+02
1.084000000000000483e+02
1.167000000000001450e+02
1.245000000000001137e+02
9.410000000000016485e+01
9.970000000000023022e+01
1.405000000000000853e+02
1.271000000000002075e+02
1.019000000000001762e+02
1.016000000000001648e+02
1.294000000000001762e+02
1.252000000000002302e+02
1.044000000000000483e+02
1.194000000000000767e+02
1.423999999999999488e+02
1.299000000000001478e+02
1.151000000000001791e+02
1.072000000000002018e+02
1.226000000000000938e+02
1.118000000000002103e+02
1.359000000000000625e+02
1.223000000000000398e+02
1.476999999999999602e+02
1.349000000000000341e+02
1.220000000000001705e+02
1.308999999999999773e+02
1.115000000000001137e+02
1.219000000000001336e+02
9.700000000000021316e+01
1.092000000000001023e+02
1.088000000000001535e+02
1.376999999999999886e+02
1.052000000000000597e+02
1.119000000000000767e+02
1.114000000000001904e+02
1.328999999999999204e+02
1.063000000000001819e+02
1.144000000000002757e+02
9.990000000000004832e+01
1.227000000000000455e+02
1.066000000000002785e+02
1.104000000000002615e+02
1.314999999999999432e+02
9.990000000000009095e+01
1.126000000000002643e+02
1.091000000000000796e+02
1.486000000000001933e+02
1.431000000000001080e+02
9.710000000000015064e+01
1.401000000000000227e+02
1.173000000000001819e+02
1.252000000000000881e+02
1.144000000000001052e+02
1.258000000000001393e+02
1.163000000000002672e+02
1.250000000000003268e+02
1.194000000000002473e+02
1.089000000000001336e+02
1.183000000000002814e+02
9.990000000000017621e+01
1.141000000000002927e+02
1.059000000000001904e+02
1.492000000000001023e+02
1.196000000000001506e+02
1.161000000000001080e+02
1.444999999999998010e+02
9.790000000000011937e+01
9.900000000000009948e+01
1.276000000000001364e+02
1.153000000000001251e+02
1.082000000000001734e+02
1.097000000000001450e+02
1.269000000000000625e+02
9.810000000000007958e+01
9.940000000000021885e+01
1.251000000000000938e+02
1.173000000000000114e+02
1.316000000000001933e+02
1.050000000000002274e+02
1.227999999999999687e+02
1.108000000000001535e+02
1.180999999999999943e+02
1.018000000000000682e+02
8.660000000000026432e+01
1.248000000000000540e+02
1.240999999999999801e+02
1.320000000000001990e+02
1.123000000000001251e+02
1.216000000000000796e+02
1.423000000000001251e+02
1.049000000000002046e+02
1.270000000000000711e+02
8.510000000000026432e+01
1.282999999999999829e+02
1.097000000000001165e+02
1.144000000000001904e+02
1.080000000000001563e+02
9.860000000000009379e+01
1.136000000000002217e+02
1.390000000000001137e+02
1.084000000000000483e+02
1.068000000000001535e+02
9.820000000000020179e+01
1.123000000000002530e+02
1.228000000000002245e+02
1.123000000000002245e+02
1.086000000000002359e+02
9.240000000000021885e+01
1.155000000000001421e+02
1.084000000000002046e+02
9.560000000000016485e+01
1.210000000000001705e+02
1.323000000000000682e+02
1.237000000000001876e+02
1.135000000000002132e+02
1.189000000000003325e+02
1.076000000000001222e+02
1.122000000000001307e+02
1.070000000000002274e+02
1.191000000000001222e+02
1.199000000000002046e+02
1.166000000000002075e+02
1.059000000000002473e+02
1.217999999999999972e+02
1.046000000000001648e+02
1.127000000000001450e+02
1.148000000000002814e+02
9.400000000000027001e+01
1.213000000000001961e+02
1.267000000000000739e+02
1.151000000000001364e+02
1.136000000000000796e+02
1.313000000000001535e+02
1.232000000000001876e+02
1.163000000000000540e+02
1.143999999999999915e+02
1.079000000000000767e+02
1.153000000000001819e+02
9.980000000000021032e+01
1.282000000000000171e+02
1.271000000000001506e+02
1.205000000000002274e+02
1.150000000000002132e+02
1.160000000000001705e+02
1.380999999999999659e+02
1.102000000000001165e+02
1.032000000000001165e+02
1.162000000000000313e+02
1.147000000000002160e+02
1.063000000000001819e+02
1.205000000000000711e+02
1.368000000000000114e+02
1.044000000000001478e+02
1.139000000000003467e+02
1.241000000000001648e+02
1.048000000000000824e+02
1.094000000000002188e+02
1.202000000000000313e+02
1.101000000000002501e+02
1.316000000000001080e+02
1.261000000000001506e+02
1.266000000000000227e+02
1.141000000000002927e+02
1.292000000000000455e+02
1.012000000000002160e+02
1.136000000000001080e+02
1.183000000000000966e+02
1.165000000000002132e+02
1.292000000000000739e+02
1.271000000000000796e+02
1.086000000000001648e+02
1.040000000000002842e+02
1.373000000000001251e+02
8.690000000000006253e+01
1.274000000000000625e+02
1.028000000000001961e+02
1.072000000000002586e+02
1.106000000000003070e+02
1.433000000000001819e+02
1.419000000000000909e+02
1.337999999999999261e+02
1.180000000000000853e+02
1.201000000000003070e+02
1.159000000000002331e+02
1.134000000000001052e+02
1.222000000000000881e+02
1.150000000000001705e+02
1.090000000000001990e+02
1.152000000000001592e+02
1.157000000000002018e+02
1.070000000000001990e+02
1.201000000000002927e+02
1.146000000000001933e+02
1.348000000000000682e+02
1.076000000000002359e+02
1.054000000000002899e+02
1.035000000000001421e+02
1.339000000000001762e+02
1.314000000000001194e+02
1.015000000000001990e+02
1.191000000000000512e+02
8.890000000000020464e+01
1.258000000000001251e+02
1.120000000000001137e+02
1.202000000000000597e+02
9.430000000000018190e+01
1.222000000000001165e+02
1.228000000000001677e+02
1.009000000000002331e+02
1.357000000000001876e+02
1.238000000000001819e+02
1.180000000000002842e+02
1.072000000000001307e+02
1.157000000000001592e+02
1.218000000000000398e+02
1.125000000000001279e+02
1.189000000000001194e+02
1.197000000000000597e+02
1.270000000000000853e+02
1.224000000000002046e+02
1.099000000000000767e+02
1.263999999999999915e+02
1.239000000000001620e+02
1.073000000000000682e+02
1.221999999999999744e+02
1.298000000000001251e+02
1.392000000000000171e+02
8.810000000000016485e+01
1.248000000000000824e+02
1.128000000000001393e+02
1.338999999999998920e+02
1.122999999999999972e+02
1.088000000000000540e+02
1.266000000000000085e+02
1.480999999999999659e+02
1.226000000000001222e+02
1.217000000000001023e+02
1.155000000000000426e+02
1.392000000000000739e+02
1.112000000000001876e+02
1.112000000000001876e+02
1.192000000000002871e+02
9.670000000000021600e+01
1.416999999999999602e+02
1.187000000000000313e+02
1.347000000000001876e+02
1.214000000000000199e+02
9.870000000000021600e+01
1.187000000000000313e+02
1.320999999999999943e+02
1.079000000000001904e+02
1.374000000000001194e+02
1.194000000000002331e+02
1.197999999999999545e+02
1.016000000000003070e+02
9.990000000000017621e+01
1.207999999999999829e+02
1.266000000000002359e+02
1.244000000000002046e+02
1.052000000000001876e+02
1.152000000000002018e+02
1.421000000000000796e+02
1.101000000000003496e+02
1.087000000000000028e+02
1.079000000000002757e+02
9.830000000000015348e+01
1.225000000000000711e+02
1.011000000000002501e+02
1.284000000000001762e+02
