1.599000000000000057e+02
1.656000000000000512e+02
1.615000000000000853e+02
1.568000000000000114e+02
1.644999999999999716e+02
1.595000000000002842e+02
1.611000000000000227e+02
1.562999999999999545e+02
1.558000000000002672e+02
1.594000000000001762e+02
1.589999999999999147e+02
1.614000000000000909e+02
1.655999999999998806e+02
1.612999999999999829e+02
1.666000000000001080e+02
1.623000000000001535e+02
1.698000000000000398e+02
1.596999999999999602e+02
1.614999999999998010e+02
1.590000000000001421e+02
1.622000000000000739e+02
1.603000000000000398e+02
1.593000000000001535e+02
1.607000000000000171e+02
1.669999999999998295e+02
1.600000000000000568e+02
1.633000000000001251e+02
1.634999999999999432e+02
1.565000000000001137e+02
1.652000000000000739e+02
1.620000000000000000e+02
1.619999999999999147e+02
1.637000000000001307e+02
1.532999999999999829e+02
1.547000000000001023e+02
1.651000000000001933e+02
1.669000000000000341e+02
1.626000000000000796e+02
1.627999999999999261e+02
1.632999999999998977e+02
1.585000000000000568e+02
1.672000000000001876e+02
1.511999999999999602e+02
1.625999999999998806e+02
1.617000000000000171e+02
1.579000000000000625e+02
1.593000000000000398e+02
1.595999999999999375e+02
1.656000000000002217e+02
1.556999999999999886e+02
1.616000000000000796e+02
1.679000000000000057e+02
1.659000000000001194e+02
1.542000000000002160e+02
1.694000000000000057e+02
1.634000000000000909e+02
1.643000000000000966e+02
1.697000000000001023e+02
1.620999999999999091e+02
1.580999999999999375e+02
1.646000000000001364e+02
1.572000000000001876e+02
1.598999999999999204e+02
1.606999999999999034e+02
1.674000000000002046e+02
1.596999999999999318e+02
1.625000000000000000e+02
1.545000000000001137e+02
1.602000000000000739e+02
1.621999999999998465e+02
1.575999999999999943e+02
1.542000000000000455e+02
1.540999999999999375e+02
1.622000000000000739e+02
1.589000000000001194e+02
1.602000000000001592e+02
1.622000000000001307e+02
1.648999999999998920e+02
1.609000000000001478e+02
1.551999999999999318e+02
1.531000000000001933e+02
1.560000000000000284e+02
1.590999999999999091e+02
1.620000000000002558e+02
1.604000000000001194e+02
1.644000000000002331e+02
1.713000000000002672e+02
1.674000000000000909e+02
1.595999999999999091e+02
1.555000000000002274e+02
1.630000000000000284e+02
1.563000000000001819e+02
1.636999999999999602e+02
1.589000000000000625e+02
1.613999999999999773e+02
1.601000000000000512e+02
1.662999999999999545e+02
1.622999999999999829e+02
1.642999999999999545e+02
1.523999999999998636e+02
1.683999999999999773e+02
1.605000000000002274e+02
1.695000000000001137e+02
1.559000000000000909e+02
1.631000000000000796e+02
1.563000000000000398e+02
1.589000000000001194e+02
1.632000000000001307e+02
1.637000000000000455e+02
1.579999999999999432e+02
1.610000000000001705e+02
1.596000000000000512e+02
1.614999999999998863e+02
1.626000000000000227e+02
1.532000000000001023e+02
1.620999999999999091e+02
1.603000000000000398e+02
1.569000000000002046e+02
1.568999999999999488e+02
1.608000000000000682e+02
1.627999999999999261e+02
1.619000000000001478e+02
1.654000000000000341e+02
1.625000000000001421e+02
1.633000000000002387e+02
1.605000000000000000e+02
1.477999999999999829e+02
1.582000000000001592e+02
1.548000000000000398e+02
1.539000000000000625e+02
1.635000000000000284e+02
1.580000000000000568e+02
1.677000000000000171e+02
1.655999999999999091e+02
1.566000000000001364e+02
1.582000000000001307e+02
1.580000000000000284e+02
1.598000000000001819e+02
1.571000000000000512e+02
1.585000000000000568e+02
1.612999999999999261e+02
1.491000000000000796e+02
1.656999999999999034e+02
1.631000000000000796e+02
1.575000000000000284e+02
1.643000000000001819e+02
1.566000000000000796e+02
1.639000000000000057e+02
1.598000000000000114e+02
1.620999999999999659e+02
1.572000000000000455e+02
1.590000000000001137e+02
1.587000000000000455e+02
1.684999999999998010e+02
1.587999999999999545e+02
1.588000000000000682e+02
1.655000000000000284e+02
1.593000000000001819e+02
1.635000000000000853e+02
1.565000000000000568e+02
1.579000000000000341e+02
1.596000000000000796e+02
1.619000000000002331e+02
1.650000000000000568e+02
1.676999999999999318e+02
1.552000000000001307e+02
1.679999999999999716e+02
1.704999999999999716e+02
1.623999999999999204e+02
1.585000000000000568e+02
1.569999999999999432e+02
1.694999999999999147e+02
1.558000000000000966e+02
1.640000000000002274e+02
1.594999999999998863e+02
1.554999999999999147e+02
1.589000000000000341e+02
1.618000000000001819e+02
1.631999999999998181e+02
1.525999999999998238e+02
1.661000000000001364e+02
1.543000000000003524e+02
1.563000000000000114e+02
1.640000000000001990e+02
1.709000000000001194e+02
1.626000000000000227e+02
1.658000000000001535e+02
1.601000000000001364e+02
1.642999999999999545e+02
1.620999999999999659e+02
1.607999999999998693e+02
1.565000000000001421e+02
1.614000000000000057e+02
1.628000000000000114e+02
1.557000000000000171e+02
1.558999999999998920e+02
1.629000000000002331e+02
1.558999999999999773e+02
1.575000000000001990e+02
1.609999999999999432e+02
1.610999999999999659e+02
1.601000000000000512e+02
1.594000000000000057e+02
1.571999999999999318e+02
1.592000000000001307e+02
1.618000000000002387e+02
1.631000000000000796e+02
1.601000000000000796e+02
1.594000000000001478e+02
1.573999999999999204e+02
1.612000000000001876e+02
1.539000000000001194e+02
1.615000000000001137e+02
1.563000000000000682e+02
1.636000000000001080e+02
1.665000000000001421e+02
1.672000000000001023e+02
1.585999999999999943e+02
1.552000000000001592e+02
1.663000000000000682e+02
1.639000000000003183e+02
1.567000000000001592e+02
1.587999999999999261e+02
1.558000000000000114e+02
1.580000000000001137e+02
1.618999999999999204e+02
1.627000000000001307e+02
1.617000000000001307e+02
1.545000000000000568e+02
1.588000000000000966e+02
1.589999999999999432e+02
1.573000000000001819e+02
1.560000000000001705e+02
1.583999999999998920e+02
1.598999999999997499e+02
1.552000000000001023e+02
1.624999999999998295e+02
1.632000000000001023e+02
1.708000000000000682e+02
1.574000000000000341e+02
1.591000000000000227e+02
1.664999999999999432e+02
1.569000000000001194e+02
1.655000000000002842e+02
1.599999999999998579e+02
1.548999999999998636e+02
1.601000000000000796e+02
1.622000000000000739e+02
1.703999999999999773e+02
1.557000000000001876e+02
1.698999999999998352e+02
1.602000000000000739e+02
1.609000000000001478e+02
1.529000000000000909e+02
1.608000000000002672e+02
1.519000000000001762e+02
1.566999999999999318e+02
1.574999999999998863e+02
1.603000000000000966e+02
1.579000000000002046e+02
1.674000000000000341e+02
1.595000000000000853e+02
1.569000000000000909e+02
1.583999999999997499e+02
1.518000000000001535e+02
1.605999999999997101e+02
1.623000000000001535e+02
1.642000000000000455e+02
1.569000000000000909e+02
1.644000000000000909e+02
1.530000000000000568e+02
1.634000000000001194e+02
1.653999999999998636e+02
1.646999999999999886e+02
1.644999999999999716e+02
1.626999999999999318e+02
1.663999999999999204e+02
1.597000000000000171e+02
1.659000000000000341e+02
1.612000000000001592e+02
1.564000000000000625e+02
1.580999999999999943e+02
1.576999999999999034e+02
1.686999999999999318e+02
1.605000000000000853e+02
1.610999999999998806e+02
1.626999999999999886e+02
1.611000000000001648e+02
1.663000000000000966e+02
1.681999999999998465e+02
1.622000000000000171e+02
1.623000000000000966e+02
1.607000000000001592e+02
1.631999999999999602e+02
1.608999999999999204e+02
1.575000000000000284e+02
1.613000000000001819e+02
1.612999999999999545e+02
1.671000000000001080e+02
1.607000000000001307e+02
1.576000000000001648e+02
1.617000000000000455e+02
1.633000000000000682e+02
1.578999999999998920e+02
1.590000000000001137e+02
1.601000000000000796e+02
1.524000000000000625e+02
1.635999999999999659e+02
1.648000000000001251e+02
1.661000000000000796e+02
1.586999999999999318e+02
1.675000000000000568e+02
1.561999999999999318e+02
1.675999999999998522e+02
1.612000000000000171e+02
1.601000000000003354e+02
1.682000000000001592e+02
1.641000000000000227e+02
1.611999999999999602e+02
1.598999999999998920e+02
1.554000000000000341e+02
1.636000000000001648e+02
1.662000000000000171e+02
1.658999999999999773e+02
1.557999999999999829e+02
1.622000000000002444e+02
1.644000000000002331e+02
1.575000000000001421e+02
1.596000000000000227e+02
1.557000000000001023e+02
1.641000000000002217e+02
1.579999999999999147e+02
1.671999999999999886e+02
1.623000000000002956e+02
1.653000000000002956e+02
1.633999999999998636e+02
1.541000000000001080e+02
1.680000000000002274e+02
1.643999999999998636e+02
1.542999999999999261e+02
1.680000000000000853e+02
1.586000000000002217e+02
1.571000000000001648e+02
1.619999999999998295e+02
1.608000000000000114e+02
1.616999999999999034e+02
1.551000000000001080e+02
1.552999999999998693e+02
1.586000000000000227e+02
1.587000000000003013e+02
1.618999999999998636e+02
1.641000000000000796e+02
1.586999999999999886e+02
1.600000000000000568e+02
1.581000000000002501e+02
1.544000000000000057e+02
1.531000000000000796e+02
1.577000000000001023e+02
1.603000000000000114e+02
1.657999999999998693e+02
1.586000000000001648e+02
1.598000000000002103e+02
1.556000000000001364e+02
1.629000000000000625e+02
1.619000000000000625e+02
1.641999999999999318e+02
1.692999999999999545e+02
1.629999999999999716e+02
1.662000000000000171e+02
1.610000000000000853e+02
1.579000000000000909e+02
1.592999999999999545e+02
1.588000000000000682e+02
1.653999999999999773e+02
1.562000000000000455e+02
1.598999999999999488e+02
1.622999999999999829e+02
1.631000000000003354e+02
1.701000000000001080e+02
1.592000000000001023e+02
1.611999999999999602e+02
1.667999999999999829e+02
1.590000000000000568e+02
1.628000000000000966e+02
1.678000000000000682e+02
1.688000000000000114e+02
1.576000000000000512e+02
1.644000000000000341e+02
1.564000000000001762e+02
1.597000000000000171e+02
1.559000000000000341e+02
1.593999999999998920e+02
1.555999999999999659e+02
1.549999999999999432e+02
1.577000000000000171e+02
1.598000000000002387e+02
1.620999999999999943e+02
1.580000000000002558e+02
1.586999999999999318e+02
1.544000000000000057e+02
1.594000000000000341e+02
1.581000000000002501e+02
1.580000000000001137e+02
1.542000000000000739e+02
1.648000000000000966e+02
1.692000000000002160e+02
1.667000000000001023e+02
1.659000000000000625e+02
1.574000000000000341e+02
1.671999999999999886e+02
1.618000000000002387e+02
1.556000000000001648e+02
1.559999999999999432e+02
1.597000000000001023e+02
1.580999999999999375e+02
1.673999999999998636e+02
1.573999999999998352e+02
1.595000000000000853e+02
1.649000000000000625e+02
1.605999999999999659e+02
1.604999999999999147e+02
1.585999999999999943e+02
1.532000000000000455e+02
1.631000000000002217e+02
1.642000000000001307e+02
1.561000000000001364e+02
1.638000000000000398e+02
1.563000000000000398e+02
1.600000000000001421e+02
1.664000000000000625e+02
1.602000000000000171e+02
1.635999999999999943e+02
1.530999999999999943e+02
1.569000000000001194e+02
1.547000000000001592e+02
1.613000000000001535e+02
1.612000000000001307e+02
1.640999999999998522e+02
1.549000000000000625e+02
1.660000000000001421e+02
1.569000000000000341e+02
1.592000000000002160e+02
1.642000000000001876e+02
1.576000000000000512e+02
1.616000000000001648e+02
1.675000000000000568e+02
1.564000000000000341e+02
1.587000000000001592e+02
1.556000000000003070e+02
1.569000000000001478e+02
1.584000000000000909e+02
1.698000000000000966e+02
1.571999999999999602e+02
1.584999999999998010e+02
1.654000000000000057e+02
1.624000000000000625e+02
1.630000000000000284e+02
1.605000000000002274e+02
1.526999999999999886e+02
1.664000000000000625e+02
1.625000000000000853e+02
1.616999999999999318e+02
1.591000000000000227e+02
1.664000000000001194e+02
1.655999999999998238e+02
1.561000000000001364e+02
1.598000000000001819e+02
1.671999999999999886e+02
1.621000000000001364e+02
1.636000000000001648e+02
1.621999999999999602e+02
1.543999999999998920e+02
1.561000000000002217e+02
1.602000000000003013e+02
1.671000000000001648e+02
1.618000000000000966e+02
1.599999999999999432e+02
1.613000000000000398e+02
1.624000000000000625e+02
1.560999999999998806e+02
1.633000000000000682e+02
1.632000000000002160e+02
1.651000000000002217e+02
1.675000000000001990e+02
1.655000000000000568e+02
1.632000000000001023e+02
1.504000000000000057e+02
1.554000000000000341e+02
1.678000000000000966e+02
1.622999999999999261e+02
1.628999999999999488e+02
1.577999999999998977e+02
1.694000000000000625e+02
1.631999999999999602e+02
1.568000000000000114e+02
1.619000000000000909e+02
1.593000000000002103e+02
1.568999999999999204e+02
1.664000000000001762e+02
1.616000000000000796e+02
1.667000000000000171e+02
1.613999999999999488e+02
1.604000000000002899e+02
1.621000000000003638e+02
1.609999999999998863e+02
1.586000000000000796e+02
1.572000000000001307e+02
1.633000000000002103e+02
1.684000000000000341e+02
1.702000000000000455e+02
1.569000000000001478e+02
1.555000000000000568e+02
1.600000000000001137e+02
1.634000000000000341e+02
1.566999999999999034e+02
1.635999999999999943e+02
1.601999999999999886e+02
1.572000000000000171e+02
1.603000000000001535e+02
1.606999999999999886e+02
1.625999999999999375e+02
1.676000000000001364e+02
1.623000000000000682e+02
1.564000000000002331e+02
1.640999999999999091e+02
1.618000000000000682e+02
1.671999999999999886e+02
1.585000000000000000e+02
1.657999999999999545e+02
1.611999999999998181e+02
1.582000000000000739e+02
1.658999999999999488e+02
1.646000000000002785e+02
1.594000000000000057e+02
1.534999999999998863e+02
1.613000000000000398e+02
1.622000000000001023e+02
1.638000000000001535e+02
1.611000000000001364e+02
1.552000000000001023e+02
1.577000000000000171e+02
1.620000000000000853e+02
1.545000000000000284e+02
1.640000000000001705e+02
1.614000000000001194e+02
1.558999999999999773e+02
1.604000000000000909e+02
1.524000000000001478e+02
1.626000000000000796e+02
1.579999999999999432e+02
1.637000000000000171e+02
1.624999999999998295e+02
1.681000000000002501e+02
1.593999999999997783e+02
1.601000000000000796e+02
1.583000000000001535e+02
1.583999999999998920e+02
1.567000000000001592e+02
1.601999999999999886e+02
1.639999999999998579e+02
1.679000000000000341e+02
1.590000000000000000e+02
1.537000000000002444e+02
1.601000000000001648e+02
1.588999999999998920e+02
1.637000000000001023e+02
1.652999999999999545e+02
1.494000000000000625e+02
1.588000000000001535e+02
1.615000000000001137e+02
1.536000000000000512e+02
1.597000000000002444e+02
1.565999999999999943e+02
1.547999999999999829e+02
1.584000000000000057e+02
1.686000000000001364e+02
1.565999999999999659e+02
1.565999999999998806e+02
1.658000000000001251e+02
1.643000000000000966e+02
1.671000000000001364e+02
1.635000000000000568e+02
1.657999999999998408e+02
1.656000000000000796e+02
1.529000000000001194e+02
1.640999999999997669e+02
1.639000000000000625e+02
1.733000000000001535e+02
1.632000000000000171e+02
1.578999999999998067e+02
1.659999999999999147e+02
1.671999999999999318e+02
1.623000000000001819e+02
1.598000000000000114e+02
1.631000000000000512e+02
1.609999999999999147e+02
1.677000000000000455e+02
1.597000000000000171e+02
1.543000000000000682e+02
1.581000000000000796e+02
1.650999999999999091e+02
1.548000000000000682e+02
1.537999999999999261e+02
1.605000000000000000e+02
1.613000000000000398e+02
1.719999999999998579e+02
1.594000000000000341e+02
1.609999999999999716e+02
1.590000000000000853e+02
1.609000000000001194e+02
1.597000000000002160e+02
1.591999999999999886e+02
1.729999999999999432e+02
1.554000000000000909e+02
1.642000000000000171e+02
1.600000000000001137e+02
1.555000000000000284e+02
1.599999999999998579e+02
1.605999999999999091e+02
1.604999999999998295e+02
1.535999999999999375e+02
1.665000000000001421e+02
1.540000000000000853e+02
1.671000000000000796e+02
1.599000000000001194e+02
1.636999999999998749e+02
1.594000000000001478e+02
1.635000000000000853e+02
1.593000000000000398e+02
1.601000000000000796e+02
1.635000000000001421e+02
1.613000000000000682e+02
1.576000000000002501e+02
1.623000000000000682e+02
1.649999999999999716e+02
1.652000000000001876e+02
1.628000000000000966e+02
1.637000000000000739e+02
1.601000000000000227e+02
1.588000000000002672e+02
1.641000000000000227e+02
1.613999999999998636e+02
1.635000000000001137e+02
1.612999999999998124e+02
1.632000000000001307e+02
1.449000000000001762e+02
1.591000000000000512e+02
1.673999999999999204e+02
1.587000000000000455e+02
1.599000000000002046e+02
1.687000000000001023e+02
1.625999999999999659e+02
1.670999999999999659e+02
1.536000000000000227e+02
1.615000000000001137e+02
1.626000000000001080e+02
1.572000000000000739e+02
1.630000000000001421e+02
1.640999999999998522e+02
1.617000000000000739e+02
1.566000000000002785e+02
1.641999999999999602e+02
1.600999999999998806e+02
1.523000000000001251e+02
1.636000000000000227e+02
1.523999999999999488e+02
1.555000000000001137e+02
1.550000000000000568e+02
1.567999999999999829e+02
1.629999999999998863e+02
1.584999999999999432e+02
1.612000000000001592e+02
1.564000000000000909e+02
1.611000000000000227e+02
1.524000000000001194e+02
1.588999999999999773e+02
1.672000000000000739e+02
1.615999999999998806e+02
1.586000000000001080e+02
1.532000000000000171e+02
1.636000000000001364e+02
1.592000000000001592e+02
1.614999999999998863e+02
1.743000000000001251e+02
1.571999999999999886e+02
1.681999999999999886e+02
1.634000000000002899e+02
1.559999999999998579e+02
1.612000000000001876e+02
1.607000000000001876e+02
1.619000000000000909e+02
1.631000000000000796e+02
1.674000000000000341e+02
1.678000000000000682e+02
1.605000000000000568e+02
1.597999999999999829e+02
1.556000000000001933e+02
1.625000000000001137e+02
1.591000000000001080e+02
1.614000000000001478e+02
1.639000000000000909e+02
1.654000000000002046e+02
1.683000000000000966e+02
1.618000000000001819e+02
1.643999999999999488e+02
1.527000000000000171e+02
1.582999999999999545e+02
1.627000000000000455e+02
1.690000000000000000e+02
1.602999999999999829e+02
1.544000000000002046e+02
1.554999999999998863e+02
1.583000000000000398e+02
1.581000000000001364e+02
1.664999999999998010e+02
1.605000000000000284e+02
1.616000000000001080e+02
1.554000000000000057e+02
1.659000000000001478e+02
1.660000000000000284e+02
1.606999999999998749e+02
1.593999999999999773e+02
1.648000000000000682e+02
1.666000000000001648e+02
1.505000000000000568e+02
1.508999999999999204e+02
1.543000000000000682e+02
1.627999999999998693e+02
1.596000000000000512e+02
1.652000000000002160e+02
1.600000000000000000e+02
1.675999999999998806e+02
1.597000000000000171e+02
1.622000000000000739e+02
1.606999999999999318e+02
1.659999999999999147e+02
1.698999999999999488e+02
1.548000000000000114e+02
1.693000000000001535e+02
1.617000000000002444e+02
1.538000000000000682e+02
1.629000000000000909e+02
1.621000000000001648e+02
1.580000000000000853e+02
1.635000000000000568e+02
1.641999999999999886e+02
1.659999999999999147e+02
1.594999999999998295e+02
1.526000000000001080e+02
1.598000000000000114e+02
1.654000000000002046e+02
1.686000000000001364e+02
1.581000000000001933e+02
1.545000000000000284e+02
1.589999999999999147e+02
1.637999999999999261e+02
1.647000000000001876e+02
1.585000000000000000e+02
1.641000000000000227e+02
1.600999999999999091e+02
1.534999999999998579e+02
1.653000000000001535e+02
1.585000000000000853e+02
1.500000000000000284e+02
1.627000000000001023e+02
1.558999999999998920e+02
1.670000000000000568e+02
1.557999999999999829e+02
1.605000000000001705e+02
1.661000000000000512e+02
1.629000000000000625e+02
1.666999999999999886e+02
1.661999999999998749e+02
1.636000000000002217e+02
1.576000000000000512e+02
1.619000000000000057e+02
1.561000000000001648e+02
1.588999999999999773e+02
1.563000000000001819e+02
1.607999999999998977e+02
1.526000000000000796e+02
1.666000000000000512e+02
1.599999999999999716e+02
1.631000000000000796e+02
1.641000000000003070e+02
1.520999999999999091e+02
1.622000000000000171e+02
1.587000000000000739e+02
1.591000000000001648e+02
1.576000000000000796e+02
1.573000000000000682e+02
1.638000000000000682e+02
1.586000000000001364e+02
1.636000000000000227e+02
1.579000000000001478e+02
1.602000000000000455e+02
1.696000000000000512e+02
1.574000000000001194e+02
1.579000000000001478e+02
1.634000000000000341e+02
1.596000000000000227e+02
1.556000000000002217e+02
1.639000000000000625e+02
1.544999999999999716e+02
1.576999999999999602e+02
1.628000000000000966e+02
1.603999999999998636e+02
1.593000000000002103e+02
1.581000000000003638e+02
1.673000000000001535e+02
1.580000000000001421e+02
1.634000000000002046e+02
1.603000000000000682e+02
1.577999999999998977e+02
1.663000000000000114e+02
1.535000000000000284e+02
1.550000000000000568e+02
1.611000000000000796e+02
1.643000000000000398e+02
1.644000000000000625e+02
1.579000000000000341e+02
1.632999999999999545e+02
1.618000000000002103e+02
1.640999999999999375e+02
1.577000000000001023e+02
1.637000000000000171e+02
1.613000000000000398e+02
1.683999999999999488e+02
1.639999999999998579e+02
1.586000000000001080e+02
1.665000000000001421e+02
1.732000000000001307e+02
1.576999999999999886e+02
1.618000000000000966e+02
1.624000000000000057e+02
1.573999999999999773e+02
1.676000000000001648e+02
1.533999999999998920e+02
1.574000000000000341e+02
1.615000000000001705e+02
1.597000000000003013e+02
1.602999999999999545e+02
1.523000000000000966e+02
1.623999999999999773e+02
1.606000000000000227e+02
1.574999999999999716e+02
1.563000000000002103e+02
1.613999999999998920e+02
1.614000000000002046e+02
1.598000000000000682e+02
1.636999999999998465e+02
1.597999999999999829e+02
1.632999999999999829e+02
1.626000000000000512e+02
1.641000000000001648e+02
1.553000000000001251e+02
1.658000000000000966e+02
1.593000000000001819e+02
1.650999999999999659e+02
1.601000000000001933e+02
1.640999999999999091e+02
1.617000000000000739e+02
1.545000000000001137e+02
1.624000000000000909e+02
1.592000000000000739e+02
1.522000000000000171e+02
1.640999999999998806e+02
1.674000000000000909e+02
1.600000000000000000e+02
1.653000000000002103e+02
1.568000000000001819e+02
1.636000000000001933e+02
1.618000000000001251e+02
1.610000000000000000e+02
1.577999999999999545e+02
1.651999999999998465e+02
1.592000000000001876e+02
1.685000000000002274e+02
1.621000000000001364e+02
1.544000000000000341e+02
1.593000000000000966e+02
1.690999999999999943e+02
1.648000000000000682e+02
1.514000000000000625e+02
1.558999999999998920e+02
1.579000000000000341e+02
1.557000000000000455e+02
1.589000000000000057e+02
1.562999999999999829e+02
1.552000000000000455e+02
1.604000000000000625e+02
1.582999999999999261e+02
1.590000000000001705e+02
1.562000000000000455e+02
1.584000000000000909e+02
1.623000000000001251e+02
1.618999999999999773e+02
1.595999999999999375e+02
1.558999999999999773e+02
1.542000000000001876e+02
1.558000000000000966e+02
1.644999999999999147e+02
1.642000000000001023e+02
1.618000000000001251e+02
1.668999999999999488e+02
1.517999999999999829e+02
1.581000000000001933e+02
1.532000000000001307e+02
1.630000000000001990e+02
1.518999999999999773e+02
1.613000000000000114e+02
1.578000000000002672e+02
1.557999999999998408e+02
1.576000000000001080e+02
1.701000000000000227e+02
1.618000000000001819e+02
1.641000000000001364e+02
1.600000000000000284e+02
1.606000000000000227e+02
1.617000000000001876e+02
1.605000000000000284e+02
1.642999999999998977e+02
1.551999999999999886e+02
1.562000000000000455e+02
1.601000000000001080e+02
1.570000000000000284e+02
1.604000000000001194e+02
1.621999999999998749e+02
1.628999999999999488e+02
1.694000000000000909e+02
1.529999999999998295e+02
1.608000000000000398e+02
1.606000000000000796e+02
1.516000000000001364e+02
1.662000000000000171e+02
1.584000000000001478e+02
1.500000000000000568e+02
1.542000000000000171e+02
1.705000000000000568e+02
1.645000000000000568e+02
1.626000000000000512e+02
1.629000000000001478e+02
1.537999999999997556e+02
1.653000000000001819e+02
1.635999999999999091e+02
1.648000000000000114e+02
1.612000000000000455e+02
1.619999999999999716e+02
1.595000000000000000e+02
1.677999999999998977e+02
1.593000000000001251e+02
1.615000000000000284e+02
1.623000000000001535e+02
1.638000000000000114e+02
1.642000000000001592e+02
1.566000000000001648e+02
1.562000000000000455e+02
1.577000000000000739e+02
1.597000000000000739e+02
1.647000000000000739e+02
1.642999999999999829e+02
1.635000000000000284e+02
1.585000000000000568e+02
1.578000000000002387e+02
1.572999999999998693e+02
1.648000000000000966e+02
1.546000000000000512e+02
1.629000000000000625e+02
1.615000000000001137e+02
1.571999999999999886e+02
1.602000000000002160e+02
1.637000000000001023e+02
1.613000000000000398e+02
1.619000000000000909e+02
1.615000000000000568e+02
1.654000000000001194e+02
1.642000000000001023e+02
1.661999999999999318e+02
1.607000000000002728e+02
1.650999999999999375e+02
1.643999999999999488e+02
1.610999999999999659e+02
1.566000000000001080e+02
1.611999999999999034e+02
1.587999999999999545e+02
1.612000000000001307e+02
1.615000000000000284e+02
1.596000000000000512e+02
1.706999999999999886e+02
1.549000000000001478e+02
1.654999999999998863e+02
1.681000000000000227e+02
1.576000000000000512e+02
1.617999999999999829e+02
1.609000000000002331e+02
1.624000000000002331e+02
1.570000000000002274e+02
1.565000000000000284e+02
1.606000000000001080e+02
1.622000000000001307e+02
