2.501800000000000637e+02
2.477399999999998954e+02
2.505799999999998988e+02
2.487200000000001694e+02
2.498399999999999181e+02
2.500600000000000023e+02
2.506000000000002785e+02
2.495800000000000693e+02
2.512599999999999056e+02
2.513600000000000989e+02
2.496400000000001853e+02
2.510799999999998704e+02
2.502800000000000011e+02
2.502000000000000739e+02
2.495999999999999659e+02
2.496599999999998545e+02
2.485999999999999375e+02
2.487199999999999989e+02
2.496999999999999886e+02
2.488399999999999750e+02
2.500600000000001444e+02
2.491200000000000898e+02
2.478399999999998897e+02
2.500200000000000387e+02
2.497800000000001148e+02
2.500600000000000591e+02
2.504200000000001296e+02
2.502399999999999807e+02
2.485200000000000955e+02
2.508799999999997112e+02
2.506400000000001285e+02
2.503199999999999648e+02
2.511199999999999761e+02
2.515600000000002012e+02
2.487200000000001410e+02
2.511999999999999602e+02
2.494800000000000466e+02
2.513400000000000318e+02
2.502599999999999341e+02
2.484399999999996851e+02
2.509799999999999045e+02
2.499800000000000182e+02
2.486999999999998749e+02
2.511400000000001285e+02
2.505999999999999091e+02
2.496400000000001000e+02
2.490799999999998420e+02
2.499000000000002046e+02
2.498999999999999773e+02
2.494800000000000182e+02
2.501000000000001648e+02
2.508800000000001376e+02
2.504600000000000080e+02
2.513199999999999932e+02
2.499199999999999591e+02
2.494200000000003001e+02
2.505000000000000284e+02
2.523599999999999568e+02
2.494400000000000546e+02
2.509799999999998477e+02
2.498600000000000989e+02
2.501000000000001648e+02
2.484599999999997806e+02
2.500799999999998988e+02
2.512999999999998124e+02
2.506599999999997976e+02
2.490800000000001830e+02
2.512199999999998283e+02
2.498400000000002308e+02
2.500399999999998784e+02
2.490600000000001160e+02
2.481200000000000898e+02
2.498199999999999079e+02
2.499400000000001114e+02
2.511199999999999477e+02
2.505999999999998238e+02
2.489799999999999045e+02
2.506199999999998340e+02
2.479000000000000341e+02
2.503599999999997010e+02
2.509400000000001967e+02
2.490000000000000568e+02
2.493400000000000318e+02
2.520599999999998886e+02
2.495399999999996794e+02
2.491400000000000432e+02
2.516400000000002137e+02
2.492200000000001694e+02
2.513600000000000421e+02
2.503200000000000500e+02
2.492600000000000762e+02
2.525600000000000023e+02
2.487800000000003990e+02
2.496999999999998749e+02
2.518999999999999773e+02
2.503599999999999000e+02
2.513999999999999773e+02
2.510799999999999841e+02
2.491800000000000068e+02
2.508000000000001819e+02
2.503600000000002126e+02
2.502999999999996703e+02
2.488799999999999955e+02
2.494000000000000909e+02
2.494400000000000261e+02
2.504200000000000728e+02
2.499000000000000057e+02
2.485999999999999375e+02
2.500200000000002944e+02
2.513999999999999488e+02
2.514399999999998840e+02
2.508400000000004013e+02
2.506999999999998749e+02
2.488200000000001637e+02
2.484800000000000466e+02
2.514399999999998272e+02
2.500400000000001057e+02
2.488400000000000318e+02
2.511399999999999579e+02
2.501799999999999784e+02
2.498600000000000136e+02
2.485800000000000409e+02
2.497000000000001876e+02
2.494599999999998943e+02
2.500999999999998238e+02
2.495599999999999170e+02
2.491600000000000534e+02
2.512599999999998488e+02
2.498400000000001739e+02
2.496999999999997613e+02
2.502399999999998386e+02
2.502799999999998022e+02
2.513800000000001944e+02
2.489200000000000159e+02
2.501600000000001103e+02
2.495199999999998681e+02
2.493200000000000784e+02
2.503399999999998613e+02
2.501400000000002706e+02
2.495199999999999250e+02
2.500399999999999636e+02
2.499200000000001012e+02
2.489400000000001398e+02
2.513600000000000989e+02
2.495400000000001626e+02
2.492399999999997533e+02
2.478199999999999363e+02
2.517800000000000864e+02
2.506999999999999886e+02
2.491200000000001182e+02
2.505599999999999454e+02
2.490400000000000489e+02
2.500000000000000000e+02
2.497600000000002467e+02
2.507799999999999443e+02
2.507200000000000841e+02
2.511199999999999761e+02
2.492399999999999523e+02
2.511799999999998931e+02
2.507199999999998852e+02
2.490000000000001137e+02
2.506800000000001205e+02
2.528599999999999852e+02
2.491599999999997408e+02
2.493199999999999079e+02
2.496199999999999193e+02
2.496399999999999295e+02
2.493400000000002308e+02
2.491200000000000330e+02
2.483199999999999648e+02
2.502599999999999625e+02
2.501799999999999784e+02
2.500000000000000568e+02
2.497999999999999261e+02
2.496399999999999011e+02
2.513599999999998431e+02
2.508399999999999750e+02
2.524399999999999125e+02
2.487199999999999704e+02
2.499200000000001580e+02
2.508400000000000887e+02
2.492600000000000762e+02
2.478999999999999773e+02
2.502000000000002728e+02
2.509399999999999693e+02
2.471200000000001467e+02
2.482199999999997146e+02
2.486200000000000898e+02
2.477600000000000193e+02
2.498599999999998431e+02
2.512200000000002831e+02
2.511999999999998181e+02
2.496400000000000148e+02
2.493600000000000705e+02
2.505000000000000000e+02
2.479999999999999432e+02
2.505800000000000693e+02
2.521000000000003070e+02
2.499599999999999795e+02
2.485200000000000387e+02
2.505000000000000568e+02
2.492200000000000273e+02
2.498000000000000398e+02
2.491799999999999784e+02
2.505999999999999091e+02
2.493999999999998920e+02
2.491999999999999886e+02
2.509200000000002433e+02
2.509000000000000625e+02
2.495999999999999659e+02
2.519400000000000830e+02
2.483600000000002410e+02
2.482399999999998954e+02
2.513199999999999363e+02
2.487600000000000762e+02
2.503199999999999648e+02
2.489199999999999022e+02
2.485200000000000387e+02
2.488400000000000318e+02
2.492600000000001330e+02
2.495800000000002683e+02
2.497800000000000864e+02
2.484200000000000728e+02
2.497800000000000011e+02
2.505999999999998238e+02
2.485199999999997829e+02
2.500399999999999920e+02
2.487800000000000580e+02
2.504600000000002069e+02
2.494799999999998761e+02
2.522999999999998408e+02
2.505600000000000875e+02
2.513600000000001273e+02
2.497999999999998408e+02
2.513799999999998533e+02
2.482200000000001694e+02
2.494599999999998658e+02
2.509999999999998295e+02
2.509399999999998840e+02
2.502000000000001592e+02
2.504599999999998943e+02
2.496000000000001933e+02
2.507599999999999056e+02
2.498999999999998352e+02
2.481800000000000921e+02
2.477999999999997556e+02
2.494799999999997908e+02
2.504600000000001785e+02
2.527999999999999261e+02
2.505799999999998136e+02
2.506599999999997976e+02
2.498199999999999079e+02
2.490399999999997362e+02
2.505599999999999454e+02
2.515599999999999739e+02
2.514200000000001864e+02
2.526200000000000614e+02
2.494199999999998738e+02
2.502999999999999545e+02
2.496800000000001489e+02
2.493999999999999204e+02
2.515199999999998681e+02
2.514799999999999613e+02
2.499000000000001194e+02
2.507799999999999443e+02
2.481799999999999216e+02
2.507199999999999704e+02
2.498199999999999363e+02
2.486400000000001569e+02
2.500600000000001160e+02
2.496999999999998465e+02
2.516600000000001387e+02
2.500200000000000671e+02
2.509799999999998192e+02
2.510999999999997954e+02
2.524800000000000182e+02
2.490399999999999920e+02
2.495800000000000693e+02
2.491600000000000250e+02
2.503799999999999955e+02
2.505800000000000125e+02
2.504000000000000909e+02
2.495199999999999250e+02
2.500800000000000693e+02
2.520599999999998317e+02
2.497200000000001694e+02
2.502999999999997840e+02
2.503999999999999488e+02
2.510199999999999818e+02
2.485200000000000102e+02
2.495000000000000284e+02
2.484200000000000159e+02
2.502400000000000091e+02
2.496400000000000148e+02
2.510199999999998965e+02
2.484400000000000830e+02
2.500000000000003695e+02
2.496600000000001671e+02
2.494800000000000466e+02
2.492599999999999625e+02
2.509599999999999227e+02
2.495800000000002115e+02
2.501000000000000227e+02
2.501200000000000330e+02
2.491400000000001285e+02
2.502600000000002467e+02
2.502600000000000762e+02
2.501999999999999318e+02
2.504200000000001580e+02
2.509799999999997908e+02
2.498000000000000398e+02
2.503599999999997863e+02
2.500000000000000284e+02
2.499399999999999977e+02
2.505799999999999841e+02
2.514000000000001194e+02
2.491800000000000637e+02
2.505400000000001910e+02
2.477600000000001330e+02
2.521199999999999477e+02
2.519000000000000625e+02
2.485400000000001626e+02
2.514600000000001501e+02
2.501199999999998056e+02
2.505400000000002194e+02
2.508000000000001251e+02
2.496999999999999034e+02
2.501600000000001103e+02
2.490800000000000978e+02
2.518199999999999932e+02
2.495399999999996226e+02
2.496399999999999579e+02
2.519599999999999511e+02
2.494799999999998192e+02
2.486599999999999113e+02
2.500200000000000671e+02
2.480599999999999454e+02
2.492200000000000841e+02
2.504200000000000159e+02
2.507200000000001978e+02
2.506599999999999682e+02
2.495599999999999454e+02
2.501000000000001080e+02
2.497399999999998954e+02
2.497199999999999704e+02
2.510400000000000773e+02
2.502599999999999625e+02
2.510799999999998704e+02
2.497199999999997999e+02
2.478999999999998067e+02
2.506399999999999579e+02
2.488799999999999670e+02
2.500799999999998420e+02
2.499600000000000080e+02
2.494799999999999329e+02
2.498200000000000500e+02
2.497999999999997272e+02
2.500600000000001728e+02
2.496599999999998261e+02
2.492199999999997715e+02
2.503400000000000603e+02
2.511199999999999193e+02
2.509600000000000932e+02
2.513199999999999079e+02
2.505999999999998806e+02
2.495400000000003047e+02
2.493600000000001842e+02
2.503800000000000807e+02
2.520600000000000307e+02
2.494800000000000182e+02
2.500600000000000307e+02
2.500199999999999818e+02
2.500200000000000387e+02
2.497199999999999704e+02
2.500199999999999818e+02
2.493799999999999386e+02
2.495599999999999454e+02
2.516200000000000898e+02
2.506200000000000898e+02
2.513799999999998533e+02
2.493399999999999750e+02
2.507600000000000477e+02
2.518000000000000114e+02
2.507400000000003217e+02
2.509799999999999329e+02
2.526000000000001648e+02
2.506400000000001000e+02
2.487199999999998568e+02
2.496400000000001569e+02
2.501399999999999579e+02
2.518999999999999488e+02
2.493599999999999284e+02
2.498199999999997658e+02
2.501999999999999602e+02
2.499000000000000057e+02
2.511199999999999761e+02
2.516200000000000045e+02
2.506599999999996271e+02
2.493599999999999000e+02
2.514200000000000728e+02
2.504199999999999307e+02
2.506399999999998727e+02
2.495799999999999841e+02
2.500000000000001421e+02
2.494600000000002353e+02
2.500800000000000125e+02
2.492199999999999136e+02
2.487000000000001023e+02
2.498200000000000784e+02
2.497800000000000864e+02
2.515199999999999534e+02
2.494000000000001194e+02
2.501199999999999193e+02
2.505400000000000205e+02
2.508999999999999204e+02
2.495200000000002092e+02
2.513599999999998147e+02
2.492000000000000739e+02
2.505000000000000853e+02
2.521000000000000512e+02
2.500400000000002194e+02
2.501600000000000250e+02
2.498799999999998533e+02
2.498400000000000887e+02
2.527199999999999704e+02
2.512199999999999989e+02
2.494600000000000364e+02
2.514000000000000341e+02
2.496999999999999886e+02
2.494000000000000341e+02
2.493600000000001558e+02
2.505600000000000591e+02
2.493800000000001091e+02
2.484200000000001296e+02
2.493199999999999363e+02
2.502399999999999238e+02
2.489800000000000466e+02
2.506399999999999579e+02
2.489600000000001785e+02
2.510799999999999841e+02
2.504399999999998840e+02
2.527800000000000011e+02
2.511799999999998363e+02
2.495199999999999818e+02
2.487399999999998670e+02
2.500400000000000489e+02
2.512000000000001592e+02
2.516000000000002785e+02
2.487000000000001307e+02
2.495799999999999557e+02
2.503199999999999932e+02
2.509999999999999716e+02
2.493600000000000705e+02
2.513400000000000034e+02
2.510600000000000307e+02
2.493999999999999773e+02
2.515200000000000955e+02
2.496999999999999034e+02
2.509999999999998579e+02
2.511199999999998056e+02
2.506599999999999113e+02
2.500199999999998397e+02
2.484599999999999227e+02
2.515400000000000489e+02
2.502000000000001592e+02
2.505199999999998681e+02
2.500800000000000978e+02
2.509999999999996874e+02
2.489599999999998374e+02
2.500600000000000307e+02
2.499000000000002331e+02
2.509000000000002331e+02
2.487799999999998306e+02
2.502199999999997715e+02
2.493200000000000216e+02
2.501400000000002706e+02
2.497399999999998101e+02
2.486399999999999011e+02
2.488400000000002592e+02
2.496200000000000330e+02
2.505000000000000568e+02
2.486799999999999784e+02
2.499799999999999045e+02
2.497800000000002001e+02
2.489000000000000341e+02
2.505400000000001057e+02
2.503200000000001353e+02
2.481200000000000614e+02
2.482000000000000171e+02
2.497000000000002728e+02
2.507799999999998875e+02
2.485999999999999943e+02
2.511600000000001671e+02
2.491599999999999682e+02
2.496399999999998727e+02
2.506599999999997408e+02
2.489199999999999022e+02
2.504600000000001501e+02
2.483999999999999773e+02
2.492599999999999341e+02
2.508799999999999955e+02
2.489199999999997601e+02
2.480999999999998806e+02
2.494200000000000443e+02
2.495799999999998704e+02
2.492400000000000659e+02
2.494599999999998943e+02
2.512199999999997431e+02
2.490999999999998806e+02
2.514599999999999795e+02
2.496600000000002524e+02
2.497799999999999159e+02
2.497199999999999420e+02
2.495600000000001444e+02
2.514599999999999227e+02
2.488199999999998511e+02
2.500399999999998784e+02
2.501399999999999295e+02
2.493399999999998045e+02
2.495199999999999250e+02
2.492800000000000011e+02
2.500799999999997283e+02
2.506999999999999034e+02
2.523199999999999079e+02
2.493800000000000523e+02
2.499599999999999795e+02
2.508399999999998897e+02
2.509599999999999795e+02
2.495799999999999272e+02
2.513200000000000784e+02
2.488800000000002228e+02
2.504000000000000341e+02
2.507800000000000296e+02
2.500199999999998113e+02
2.491799999999998079e+02
2.496599999999997408e+02
2.483599999999999000e+02
2.496399999999999579e+02
2.506600000000001103e+02
2.493800000000000239e+02
2.493399999999998045e+02
2.519600000000002069e+02
2.494399999999999125e+02
2.511400000000001569e+02
2.514600000000001785e+02
2.492200000000000273e+02
2.497199999999999136e+02
2.504400000000001398e+02
2.510000000000002558e+02
2.499799999999997624e+02
2.508600000000001273e+02
2.500399999999998215e+02
2.481599999999996555e+02
2.509399999999998556e+02
2.500399999999999352e+02
2.489000000000000341e+02
2.507000000000000171e+02
2.503399999999998613e+02
2.500199999999998681e+02
2.503999999999998920e+02
2.511999999999997044e+02
2.510799999999996999e+02
2.504200000000002149e+02
2.505799999999998704e+02
2.516600000000000534e+02
2.507599999999997635e+02
2.521999999999997897e+02
2.494999999999999147e+02
2.516199999999999193e+02
2.505800000000001262e+02
2.487399999999996112e+02
2.503400000000000034e+02
2.502800000000003706e+02
2.502800000000000011e+02
2.475799999999998988e+02
2.500799999999999557e+02
2.490600000000001160e+02
2.500200000000000387e+02
2.498799999999999670e+02
2.521800000000001205e+02
2.500800000000004104e+02
2.504600000000001501e+02
2.504599999999997806e+02
2.493399999999999181e+02
2.486600000000001387e+02
2.494199999999999591e+02
2.520399999999998215e+02
2.495999999999997669e+02
2.529600000000002069e+02
2.513599999999998715e+02
2.498400000000000887e+02
2.504200000000001012e+02
2.491799999999998647e+02
2.506600000000000534e+02
2.504799999999999045e+02
2.503400000000000887e+02
2.511399999999998158e+02
2.494999999999999432e+02
2.507000000000000171e+02
2.507200000000000557e+02
2.481799999999998363e+02
2.485599999999999739e+02
2.500799999999999841e+02
2.496399999999998442e+02
2.500799999999999841e+02
2.511200000000002319e+02
2.496799999999999500e+02
2.495000000000000284e+02
2.496799999999996942e+02
2.484000000000001194e+02
2.492800000000001717e+02
2.494800000000001603e+02
2.509400000000000546e+02
2.515600000000000591e+02
2.496000000000001648e+02
2.510399999999999636e+02
2.498400000000000318e+02
2.511999999999998465e+02
2.509199999999999591e+02
2.490199999999998397e+02
2.516199999999999193e+02
2.516000000000000512e+02
2.492999999999999545e+02
2.503200000000002774e+02
2.517800000000000011e+02
2.494600000000001501e+02
2.510199999999998397e+02
2.493800000000000807e+02
2.491799999999998931e+02
2.501199999999999761e+02
2.504600000000000364e+02
2.514600000000000648e+02
2.479199999999997601e+02
2.484599999999999795e+02
2.513199999999999079e+02
2.503200000000000784e+02
2.490199999999999818e+02
2.493400000000001739e+02
2.497799999999997738e+02
2.507000000000000455e+02
2.494000000000001478e+02
2.492800000000000864e+02
2.488800000000000239e+02
2.503199999999998511e+02
2.490400000000001910e+02
2.502200000000000273e+02
2.505400000000001342e+02
2.498399999999998897e+02
2.483200000000001921e+02
2.481400000000000432e+02
2.494999999999999716e+02
2.510000000000002842e+02
2.487599999999998488e+02
2.508799999999999670e+02
2.503000000000000966e+02
2.504600000000000648e+02
2.497200000000001410e+02
2.504200000000000159e+02
2.514200000000001296e+02
2.502000000000000171e+02
2.516200000000001467e+02
2.507999999999998693e+02
2.515999999999999943e+02
2.501600000000000819e+02
2.500199999999996976e+02
2.498800000000001376e+02
2.498800000000000239e+02
2.504599999999999511e+02
2.509799999999999898e+02
2.504599999999998374e+02
2.484400000000000830e+02
2.507400000000000375e+02
2.504599999999999795e+02
2.503999999999999204e+02
2.508799999999999386e+02
2.495800000000000409e+02
2.502399999999999523e+02
2.490599999999999170e+02
2.499800000000002171e+02
2.513799999999998533e+02
2.478400000000000603e+02
2.504000000000000909e+02
2.492000000000000171e+02
2.496400000000000432e+02
2.497200000000000273e+02
2.483199999999999932e+02
2.500999999999998522e+02
2.482199999999998568e+02
2.511599999999999397e+02
2.494199999999999307e+02
2.511999999999999886e+02
2.503800000000000523e+02
2.505399999999999636e+02
2.507799999999997738e+02
2.503799999999999102e+02
2.502599999999998204e+02
2.494400000000001398e+02
2.506200000000000898e+02
2.498599999999999568e+02
2.503800000000001091e+02
2.502600000000000477e+02
2.490200000000000955e+02
2.516999999999999602e+02
2.499200000000001296e+02
2.488999999999998920e+02
2.487800000000000864e+02
2.493800000000000239e+02
2.518399999999998897e+02
2.509199999999996749e+02
2.490400000000002763e+02
2.512399999999996965e+02
2.517000000000002160e+02
2.505999999999999659e+02
2.483200000000000784e+02
2.492999999999999261e+02
2.497800000000001432e+02
2.497400000000001228e+02
2.487000000000000739e+02
2.506800000000001489e+02
2.502600000000001614e+02
2.518200000000000784e+02
2.492599999999998772e+02
2.499600000000001785e+02
2.497999999999998124e+02
2.498800000000001660e+02
2.496199999999999193e+02
2.501600000000001955e+02
2.488999999999999204e+02
2.497800000000000011e+02
2.498000000000000398e+02
2.502599999999999909e+02
2.518399999999999466e+02
2.497599999999998772e+02
2.488999999999999204e+02
2.504599999999999795e+02
2.506800000000000068e+02
2.521400000000000148e+02
2.483599999999998147e+02
2.503800000000002228e+02
2.495200000000001239e+02
2.490400000000002478e+02
2.498799999999999386e+02
2.513200000000000500e+02
2.503999999999998636e+02
2.518000000000000398e+02
2.490800000000001546e+02
2.502000000000000171e+02
2.516000000000000796e+02
2.495800000000001262e+02
2.501400000000000148e+02
2.493999999999999488e+02
2.496800000000002058e+02
2.496800000000000352e+02
2.512600000000001330e+02
2.487999999999999261e+02
2.486399999999999295e+02
2.506400000000000148e+02
2.501199999999999477e+02
2.464000000000000625e+02
2.490599999999999454e+02
2.497400000000000659e+02
2.508200000000001069e+02
2.487799999999999727e+02
2.487999999999999261e+02
2.491800000000000068e+02
2.501999999999998749e+02
2.513399999999999466e+02
2.502800000000001432e+02
2.514999999999998010e+02
2.500400000000001057e+02
2.478200000000000500e+02
2.507000000000001876e+02
2.503799999999998533e+02
2.489800000000001035e+02
2.486200000000002319e+02
2.503199999999996805e+02
2.496999999999995623e+02
2.511800000000001774e+02
2.498800000000000239e+02
2.519200000000001296e+02
2.498399999999999466e+02
2.497199999999999989e+02
2.508400000000000603e+02
2.480000000000000853e+02
2.496200000000000614e+02
2.495800000000000125e+02
2.507399999999999523e+02
2.506000000000000227e+02
2.505199999999999250e+02
2.512000000000001876e+02
2.506800000000000068e+02
2.499000000000000909e+02
2.492999999999998408e+02
2.504999999999999716e+02
2.497600000000001899e+02
2.513200000000001353e+02
2.503399999999998613e+02
2.486800000000000068e+02
2.479000000000000625e+02
2.497799999999999443e+02
2.483799999999998533e+02
2.500200000000000671e+02
2.492800000000000296e+02
2.491400000000002137e+02
2.494799999999999329e+02
2.494599999999998658e+02
2.518200000000002206e+02
2.492799999999998022e+02
2.499200000000001864e+02
2.490199999999998965e+02
2.479799999999998192e+02
2.492400000000000091e+02
2.500000000000001421e+02
2.506400000000000432e+02
2.507400000000000944e+02
2.495199999999998681e+02
2.506199999999997203e+02
2.493999999999998920e+02
2.499200000000002717e+02
2.503800000000001091e+02
2.503400000000000034e+02
2.490799999999999557e+02
2.498399999999998613e+02
2.507600000000003888e+02
2.494400000000003104e+02
2.513799999999999955e+02
2.494999999999998579e+02
2.512399999999997249e+02
2.494399999999997135e+02
2.499999999999999147e+02
2.513799999999999670e+02
2.506799999999997510e+02
2.509000000000000057e+02
2.506200000000000614e+02
2.494799999999999045e+02
2.490000000000001705e+02
2.491400000000000716e+02
2.493200000000000500e+02
2.506599999999999113e+02
2.501999999999999602e+02
2.516999999999999034e+02
2.507000000000000739e+02
2.502999999999998408e+02
2.500400000000003047e+02
2.488999999999999773e+02
2.500800000000000978e+02
2.491199999999997203e+02
2.516000000000000796e+02
2.498399999999998897e+02
2.505799999999999841e+02
2.509799999999999329e+02
2.485399999999997362e+02
2.488199999999997942e+02
2.488400000000001171e+02
2.493199999999999648e+02
2.482399999999999807e+02
2.500599999999999454e+02
2.496399999999997874e+02
2.494600000000001785e+02
2.499399999999999977e+02
2.493600000000000989e+02
2.492199999999999136e+02
2.500800000000000409e+02
2.498999999999997783e+02
2.501600000000000534e+02
2.506600000000000534e+02
2.478200000000001353e+02
2.491000000000000227e+02
2.494999999999999147e+02
2.495000000000000284e+02
2.487600000000000477e+02
2.493000000000000682e+02
2.494000000000003467e+02
2.497399999999998670e+02
2.498000000000000398e+02
2.486399999999999295e+02
2.491399999999999579e+02
2.511599999999999397e+02
2.492799999999999727e+02
2.497600000000001614e+02
2.494800000000000182e+02
2.515599999999999454e+02
2.505600000000001160e+02
2.483800000000000523e+02
2.494399999999999693e+02
2.502799999999998022e+02
2.510800000000001262e+02
2.503999999999997215e+02
2.518200000000001353e+02
2.483799999999999102e+02
2.521999999999996191e+02
2.496400000000001569e+02
2.498399999999998045e+02
2.505400000000000489e+02
2.516399999999998727e+02
2.498999999999998067e+02
2.513799999999998533e+02
2.497599999999998772e+02
2.496399999999999295e+02
2.481399999999998158e+02
2.509800000000000750e+02
2.504199999999999307e+02
2.489600000000000080e+02
2.481399999999999295e+02
2.488799999999998818e+02
2.519399999999999125e+02
2.513399999999997476e+02
2.488199999999999648e+02
2.500600000000000023e+02
2.496200000000001751e+02
2.488399999999999750e+02
2.488600000000000989e+02
2.512000000000000739e+02
2.480399999999998499e+02
2.507200000000001694e+02
2.512600000000003604e+02
2.491200000000002319e+02
2.503600000000000421e+02
2.492600000000001330e+02
2.495999999999999091e+02
2.495999999999999375e+02
2.488000000000000966e+02
2.501200000000000330e+02
2.497599999999998488e+02
2.512599999999997351e+02
2.489600000000000648e+02
2.514600000000000080e+02
2.515999999999996248e+02
2.503399999999998613e+02
2.505199999999999534e+02
2.493400000000001171e+02
2.511000000000000796e+02
2.499199999999999022e+02
2.502399999999998670e+02
2.494800000000001603e+02
2.501400000000000716e+02
2.487200000000001125e+02
2.485400000000001342e+02
2.495199999999998681e+02
2.502599999999999909e+02
2.504999999999999432e+02
2.486400000000000148e+02
2.499999999999998863e+02
2.512000000000001023e+02
2.494799999999999329e+02
2.496599999999998829e+02
2.487399999999998101e+02
2.482999999999999829e+02
2.496999999999999034e+02
2.495800000000002115e+02
2.495199999999999534e+02
2.501999999999999318e+02
2.503399999999999466e+02
2.511600000000001387e+02
2.514599999999998374e+02
2.486400000000001569e+02
2.514800000000000466e+02
2.506000000000002217e+02
2.491800000000000637e+02
2.503799999999999102e+02
2.482199999999999136e+02
2.476000000000000227e+02
2.498799999999999670e+02
2.491799999999997510e+02
2.491999999999999602e+02
2.491200000000000614e+02
2.507600000000001614e+02
2.512000000000002444e+02
2.492400000000000375e+02
2.490999999999998522e+02
2.492599999999998772e+02
2.480599999999998886e+02
2.477399999999998954e+02
2.487200000000000841e+02
2.490999999999998522e+02
2.493199999999999932e+02
2.502600000000003035e+02
2.500400000000000205e+02
2.492400000000002080e+02
2.498199999999999932e+02
2.486799999999999500e+02
2.495599999999998602e+02
2.507199999999998568e+02
2.505399999999999920e+02
2.503799999999998818e+02
2.491199999999999477e+02
2.505800000000000693e+02
2.516199999999999193e+02
2.484599999999999795e+02
2.505999999999997954e+02
2.508200000000002490e+02
2.499599999999999795e+02
2.487599999999999909e+02
2.502000000000000171e+02
2.493600000000004400e+02
2.501200000000003172e+02
2.494399999999999409e+02
2.509800000000001035e+02
2.495000000000003411e+02
2.495000000000003695e+02
