2.031600000000000534e+02
2.034599999999998374e+02
2.032800000000002001e+02
2.038800000000001944e+02
2.016199999999998909e+02
2.008999999999998920e+02
2.029599999999998090e+02
2.038199999999999363e+02
2.048200000000001069e+02
2.022399999999999807e+02
2.048800000000000523e+02
2.041600000000000534e+02
2.031400000000000148e+02
2.028999999999999773e+02
2.042800000000001432e+02
2.032400000000001228e+02
2.052400000000000375e+02
2.038799999999999670e+02
2.034399999999999693e+02
2.006999999999999886e+02
2.037199999999997999e+02
2.037199999999998568e+02
2.057199999999999136e+02
2.028800000000000239e+02
2.030000000000000284e+02
2.053600000000001558e+02
2.038799999999999102e+02
2.050000000000001137e+02
2.044600000000001785e+02
2.021000000000000512e+02
2.065400000000001057e+02
2.047199999999998283e+02
2.030400000000000773e+02
2.053999999999998920e+02
2.039600000000000648e+02
2.030200000000002092e+02
2.044200000000002149e+02
2.041199999999999761e+02
2.037400000000001228e+02
2.054200000000001296e+02
2.045800000000005525e+02
2.039800000000002171e+02
2.043400000000001171e+02
2.045999999999998806e+02
2.041000000000001080e+02
2.040599999999999739e+02
2.023799999999999386e+02
2.034799999999998761e+02
2.043000000000001251e+02
2.031199999999999477e+02
2.045199999999999250e+02
2.042000000000003013e+02
2.042800000000000011e+02
2.055199999999999534e+02
2.035200000000000955e+02
2.021800000000001774e+02
2.032999999999999829e+02
2.030199999999998681e+02
2.018000000000000114e+02
2.034800000000000466e+02
2.032199999999999989e+02
2.034999999999999432e+02
2.024200000000002717e+02
2.018999999999998920e+02
2.033600000000001273e+02
2.027600000000000762e+02
2.032000000000000739e+02
2.028599999999998431e+02
2.029200000000000159e+02
2.035000000000001421e+02
2.052999999999999261e+02
2.048000000000002956e+02
2.036199999999998340e+02
2.025600000000000307e+02
2.044000000000000341e+02
2.041600000000001103e+02
2.058199999999999932e+02
2.029400000000001683e+02
2.029800000000001887e+02
2.030799999999998988e+02
2.045599999999999170e+02
2.032800000000002001e+02
2.062400000000001796e+02
2.050800000000001546e+02
2.054599999999999795e+02
2.042800000000002285e+02
2.033200000000000216e+02
2.042399999999997533e+02
2.044999999999998579e+02
2.041399999999999864e+02
2.012400000000001796e+02
2.035600000000000875e+02
2.028399999999999466e+02
2.056999999999999602e+02
2.031400000000001000e+02
2.023400000000000034e+02
2.044799999999999898e+02
2.052400000000002365e+02
2.039400000000000261e+02
2.034200000000001580e+02
2.044200000000000159e+02
2.049000000000000057e+02
2.038800000000003081e+02
2.033400000000001739e+02
2.041600000000000534e+02
2.041199999999999193e+02
2.043000000000002672e+02
2.043400000000001739e+02
2.048800000000000807e+02
2.033200000000000500e+02
2.025999999999999659e+02
2.039000000000000341e+02
2.050799999999996714e+02
2.044600000000000364e+02
2.040200000000001808e+02
2.043600000000000705e+02
2.044599999999998943e+02
2.047600000000000477e+02
2.030400000000000489e+02
2.033200000000001637e+02
2.041599999999999682e+02
2.029800000000000182e+02
2.062199999999999136e+02
2.035199999999999250e+02
2.051200000000002035e+02
2.028200000000000216e+02
2.027400000000000091e+02
2.037400000000001796e+02
2.025199999999997260e+02
2.062800000000000580e+02
2.051000000000001364e+02
2.017000000000002444e+02
2.050400000000001342e+02
2.048400000000000318e+02
2.034600000000000648e+02
2.036600000000000250e+02
2.020799999999999841e+02
2.030400000000002194e+02
2.044399999999999125e+02
2.041599999999999113e+02
2.037800000000003138e+02
2.037800000000000864e+02
2.027999999999999829e+02
2.035799999999999272e+02
2.044200000000001012e+02
2.049799999999999329e+02
2.044399999999999693e+02
2.061799999999996373e+02
2.025000000000001137e+02
2.026800000000000921e+02
2.050800000000000125e+02
2.032400000000000944e+02
2.041600000000001671e+02
2.026400000000000716e+02
2.039600000000001216e+02
2.018199999999998226e+02
2.038600000000000989e+02
2.042600000000000762e+02
2.023200000000001353e+02
2.050200000000000102e+02
2.051200000000000898e+02
2.038600000000000421e+02
2.027799999999997738e+02
2.043600000000000989e+02
2.047400000000002365e+02
2.048000000000000398e+02
2.044199999999998170e+02
2.045200000000000955e+02
2.039600000000001501e+02
2.039799999999999898e+02
2.040400000000000773e+02
2.027400000000000091e+02
2.033999999999999773e+02
2.028799999999997397e+02
2.041400000000003274e+02
2.050199999999999818e+02
2.034400000000000830e+02
2.034799999999999898e+02
2.042599999999999056e+02
2.051800000000001205e+02
2.054000000000001478e+02
2.032600000000001614e+02
2.043400000000000603e+02
2.020000000000004263e+02
2.049800000000003024e+02
2.031400000000000432e+02
2.034200000000003854e+02
2.025400000000002194e+02
2.033000000000001251e+02
2.025400000000001626e+02
2.037000000000001023e+02
2.030200000000002376e+02
2.058999999999999488e+02
2.030400000000000773e+02
2.055000000000000284e+02
2.037199999999999420e+02
2.044799999999998192e+02
2.047399999999998101e+02
2.031400000000001000e+02
2.036000000000000227e+02
2.045999999999998238e+02
2.025599999999998886e+02
2.037399999999998670e+02
2.028600000000001842e+02
2.032399999999999523e+02
2.041000000000001080e+02
2.007800000000002569e+02
2.020200000000000102e+02
2.028400000000000034e+02
2.024999999999999432e+02
2.025399999999999636e+02
2.035400000000000205e+02
2.037400000000000659e+02
2.020600000000000307e+02
2.037199999999998283e+02
2.027199999999999989e+02
2.027199999999998852e+02
2.034000000000002615e+02
2.029599999999997806e+02
2.030400000000000773e+02
2.043599999999997294e+02
2.054200000000000728e+02
2.056200000000000898e+02
2.054600000000001501e+02
2.039400000000001967e+02
2.041600000000000250e+02
2.048600000000000989e+02
2.031400000000001000e+02
2.041799999999998363e+02
2.025200000000001523e+02
2.036399999999999864e+02
2.039999999999999147e+02
2.046000000000000796e+02
2.039400000000000830e+02
2.032599999999999909e+02
2.036399999999999011e+02
2.041600000000000534e+02
2.028000000000001535e+02
2.031400000000000148e+02
2.029800000000001319e+02
2.047800000000000864e+02
2.047600000000001330e+02
2.042399999999999238e+02
2.041200000000001467e+02
2.037400000000002080e+02
2.037599999999999909e+02
2.048800000000002797e+02
2.042000000000000455e+02
2.022400000000002933e+02
2.034199999999998170e+02
2.022600000000000193e+02
2.031399999999999579e+02
2.013400000000001171e+02
2.046199999999999761e+02
2.042399999999998670e+02
2.042000000000000171e+02
2.053800000000001660e+02
2.062000000000001307e+02
2.041999999999999318e+02
2.046400000000002422e+02
2.038000000000001535e+02
2.044400000000001114e+02
2.056799999999999500e+02
2.049200000000002149e+02
2.045000000000001421e+02
2.036200000000002603e+02
2.053200000000001637e+02
2.047399999999997249e+02
2.037800000000000580e+02
2.050600000000002012e+02
2.046400000000001285e+02
2.035000000000001990e+02
2.046599999999999682e+02
2.040599999999998602e+02
2.043800000000002512e+02
2.017200000000000841e+02
2.042200000000001694e+02
2.043000000000000398e+02
2.031800000000000921e+02
2.049799999999998192e+02
2.036400000000000432e+02
2.021400000000002137e+02
2.025000000000000568e+02
2.046400000000002990e+02
2.021799999999998363e+02
2.029400000000000261e+02
2.035200000000000387e+02
2.042800000000000580e+02
2.037200000000001410e+02
2.031400000000000148e+02
2.050199999999999818e+02
2.033199999999999648e+02
2.042600000000000193e+02
2.049399999999998556e+02
2.038800000000001944e+02
2.038400000000003160e+02
2.053400000000000034e+02
2.022799999999999159e+02
2.041600000000001103e+02
2.040800000000001546e+02
2.042600000000000193e+02
2.034000000000000625e+02
2.046399999999999011e+02
2.035599999999999454e+02
2.037000000000001592e+02
2.028200000000001353e+02
2.042000000000002728e+02
2.045800000000001830e+02
2.041600000000001103e+02
2.030800000000001830e+02
2.032800000000000580e+02
2.047800000000000580e+02
2.034200000000001580e+02
2.045199999999999818e+02
2.033000000000001535e+02
2.042600000000000762e+02
2.031799999999999500e+02
2.029999999999998295e+02
2.058800000000000523e+02
2.019600000000000648e+02
2.051200000000000614e+02
2.042800000000000011e+02
2.047199999999999420e+02
2.031199999999998909e+02
2.056600000000000534e+02
2.037999999999998977e+02
2.033599999999999852e+02
2.055000000000001421e+02
2.044000000000001194e+02
2.051000000000001648e+02
2.042400000000000091e+02
2.037800000000001432e+02
2.025800000000002115e+02
2.046999999999999886e+02
2.034000000000000625e+02
2.036199999999999761e+02
2.030200000000000671e+02
2.029999999999998295e+02
2.026599999999999113e+02
2.022799999999998875e+02
2.043799999999998533e+02
2.040400000000000205e+02
2.030000000000000284e+02
2.026200000000001182e+02
2.031000000000001933e+02
2.034999999999999432e+02
2.029399999999999693e+02
2.016399999999999864e+02
2.038200000000001637e+02
2.039200000000001012e+02
2.049799999999999329e+02
2.044799999999999613e+02
2.034200000000002433e+02
2.030000000000000284e+02
2.025599999999998886e+02
2.035200000000002092e+02
2.037199999999999136e+02
2.041999999999998749e+02
2.033599999999998147e+02
2.059199999999999875e+02
2.029000000000002046e+02
2.032799999999997738e+02
2.040600000000001444e+02
2.045199999999999818e+02
2.054599999999998943e+02
2.043599999999998431e+02
2.046200000000001751e+02
2.048400000000000887e+02
2.027400000000001228e+02
2.039199999999997601e+02
2.029800000000001887e+02
2.049399999999999693e+02
2.034000000000000909e+02
2.046599999999999397e+02
2.058000000000001251e+02
2.044600000000000932e+02
2.042800000000000011e+02
2.020999999999999659e+02
2.047200000000000841e+02
2.032200000000000557e+02
2.041200000000000614e+02
2.050199999999998965e+02
2.039399999999999693e+02
2.022399999999998954e+02
2.045200000000000387e+02
2.046600000000000819e+02
2.028199999999999932e+02
2.046999999999999886e+02
2.043400000000000318e+02
2.040000000000001990e+02
2.042400000000002080e+02
2.036600000000000534e+02
2.045200000000002944e+02
2.031599999999999113e+02
2.048600000000001273e+02
2.039400000000001398e+02
2.030799999999999272e+02
2.013000000000000398e+02
2.032399999999998954e+02
2.038799999999999670e+02
2.041000000000000796e+02
2.023399999999999750e+02
2.027800000000000580e+02
2.042000000000002444e+02
2.035399999999998499e+02
2.043400000000000887e+02
2.024799999999999898e+02
2.039800000000001035e+02
2.015999999999998806e+02
2.031199999999999477e+02
2.044600000000001501e+02
2.055600000000001160e+02
2.052799999999999443e+02
2.053000000000000966e+02
2.030600000000000591e+02
2.048799999999999386e+02
2.053600000000001273e+02
2.028599999999999284e+02
2.042399999999999523e+02
2.040000000000000853e+02
2.047400000000000944e+02
2.055000000000001137e+02
2.040200000000001523e+02
2.031999999999998465e+02
2.035999999999999943e+02
2.034800000000002171e+02
2.041800000000000068e+02
2.039000000000000625e+02
2.016999999999998181e+02
2.028999999999999204e+02
2.028799999999997965e+02
2.023399999999999750e+02
2.020000000000002558e+02
2.047400000000001512e+02
2.044399999999999125e+02
2.031800000000001205e+02
2.035200000000001523e+02
2.031600000000000819e+02
2.055600000000000023e+02
2.034000000000000057e+02
2.050399999999998499e+02
2.048600000000000421e+02
2.067199999999999420e+02
2.053399999999999750e+02
2.030200000000000671e+02
2.029800000000002740e+02
2.049600000000000648e+02
2.036199999999999193e+02
2.041000000000000512e+02
2.044999999999998295e+02
2.035400000000001342e+02
2.038199999999999648e+02
2.048600000000002410e+02
2.035400000000003331e+02
2.043000000000000114e+02
2.042600000000000762e+02
2.019400000000001967e+02
2.049600000000000080e+02
2.054200000000000728e+02
2.039999999999999716e+02
2.029199999999998738e+02
2.036599999999999682e+02
2.054400000000001967e+02
2.055800000000000693e+02
2.047400000000000659e+02
2.043199999999999648e+02
2.019799999999999613e+02
2.033800000000001376e+02
2.048400000000001171e+02
2.026800000000001205e+02
2.019000000000000057e+02
2.037999999999998977e+02
2.044199999999998454e+02
2.029199999999999591e+02
2.026199999999999193e+02
2.033000000000000114e+02
2.051200000000001467e+02
2.029799999999999329e+02
2.050200000000002944e+02
2.044000000000001194e+02
2.033800000000002512e+02
2.051199999999999477e+02
2.030800000000002967e+02
2.041799999999999216e+02
2.042199999999999989e+02
2.047800000000002854e+02
2.036600000000001671e+02
2.035400000000001057e+02
2.056200000000000330e+02
2.039800000000001319e+02
2.038400000000002024e+02
2.032600000000002183e+02
2.043799999999999955e+02
2.032999999999999829e+02
2.048799999999999102e+02
2.051400000000001285e+02
2.027199999999998852e+02
2.047600000000001899e+02
2.039800000000000466e+02
2.050600000000001728e+02
2.009800000000000750e+02
2.039600000000001216e+02
2.039200000000001864e+02
2.045800000000000125e+02
2.051800000000003195e+02
2.036600000000000819e+02
2.029400000000001114e+02
2.036199999999999477e+02
2.034400000000000830e+02
2.044600000000000364e+02
2.043600000000000989e+02
2.040599999999999739e+02
2.044000000000000625e+02
2.038400000000000318e+02
2.039200000000000728e+02
2.047200000000000557e+02
2.035200000000001523e+02
2.034800000000000750e+02
2.041800000000000921e+02
2.039200000000002433e+02
2.044799999999999898e+02
2.040000000000001137e+02
2.039800000000001603e+02
2.037799999999999727e+02
2.040800000000000693e+02
2.056000000000001648e+02
2.019400000000001114e+02
2.029200000000000159e+02
2.052800000000003138e+02
2.031399999999999579e+02
2.053200000000000500e+02
2.048399999999998897e+02
2.031000000000000796e+02
2.041800000000001489e+02
2.004400000000000261e+02
2.015800000000001546e+02
2.023799999999999670e+02
2.035000000000000568e+02
2.032199999999999420e+02
2.040200000000000671e+02
2.044399999999999409e+02
2.036200000000000898e+02
2.049400000000000546e+02
2.043400000000001455e+02
2.032599999999999341e+02
2.039600000000002638e+02
2.026599999999999113e+02
2.039200000000002433e+02
2.052999999999998693e+02
2.059600000000002069e+02
2.036800000000000352e+02
2.049399999999997704e+02
2.029000000000000341e+02
2.022799999999999727e+02
2.033200000000001637e+02
2.034399999999998556e+02
2.044200000000002149e+02
2.033599999999999852e+02
2.044199999999999591e+02
2.033400000000000034e+02
2.031800000000002058e+02
2.030199999999998681e+02
2.033799999999996828e+02
2.047999999999999261e+02
2.019600000000000932e+02
2.023000000000000398e+02
2.045199999999999534e+02
2.027199999999999989e+02
2.051600000000001387e+02
2.027600000000000193e+02
2.037000000000002728e+02
2.041799999999998931e+02
2.050799999999999841e+02
2.022600000000001046e+02
2.035999999999999375e+02
2.056199999999999761e+02
2.041599999999999682e+02
2.033399999999998329e+02
2.045600000000002012e+02
2.048799999999999386e+02
2.043200000000000500e+02
2.036400000000000716e+02
2.049600000000002069e+02
2.023800000000000239e+02
2.041200000000000614e+02
2.042399999999999238e+02
2.053000000000000114e+02
2.047599999999999341e+02
2.041800000000000921e+02
2.036400000000000716e+02
2.046800000000000068e+02
2.010999999999999943e+02
2.041400000000001853e+02
2.034600000000000364e+02
2.040200000000000102e+02
2.026199999999998624e+02
2.059599999999999795e+02
2.051400000000001569e+02
2.050800000000000978e+02
2.023600000000001558e+02
2.036000000000000512e+02
2.053800000000000239e+02
2.038599999999999568e+02
2.049600000000002353e+02
2.042399999999998954e+02
2.042000000000002160e+02
2.021200000000000330e+02
2.049999999999999716e+02
2.035200000000001808e+02
2.025199999999997829e+02
2.045599999999999739e+02
2.035600000000001728e+02
2.011600000000001955e+02
2.034200000000000159e+02
2.040800000000000693e+02
2.041799999999999784e+02
2.040800000000000978e+02
2.036800000000000068e+02
2.056200000000001467e+02
2.041800000000001489e+02
2.037600000000000477e+02
2.042799999999999727e+02
2.049200000000001296e+02
2.020999999999999943e+02
2.043400000000000318e+02
2.033600000000001273e+02
2.061399999999998727e+02
2.033199999999998795e+02
2.044199999999999022e+02
2.065400000000000773e+02
2.020800000000000409e+02
2.050400000000000773e+02
2.030600000000001728e+02
2.053600000000000136e+02
2.015400000000002194e+02
2.041000000000002501e+02
2.036400000000001285e+02
2.019400000000000546e+02
2.058199999999999079e+02
2.040000000000001421e+02
2.031800000000000637e+02
2.024399999999999977e+02
2.027999999999999545e+02
2.057600000000001046e+02
2.059799999999999329e+02
2.046399999999999295e+02
2.027000000000001023e+02
2.033600000000000421e+02
2.045600000000002581e+02
2.028200000000000784e+02
2.033800000000002797e+02
2.053799999999998818e+02
2.019399999999998556e+02
2.065200000000000671e+02
2.023999999999999204e+02
2.033200000000001637e+02
2.036600000000000819e+02
2.037200000000002262e+02
2.055799999999998136e+02
2.034800000000001603e+02
2.019600000000001216e+02
2.054999999999999716e+02
2.032800000000000580e+02
2.049200000000000443e+02
2.019599999999999795e+02
2.053200000000001353e+02
2.029400000000000830e+02
2.025600000000000591e+02
2.044000000000001762e+02
2.038399999999999466e+02
2.030399999999999636e+02
2.031800000000000921e+02
2.019600000000000648e+02
2.026599999999999682e+02
2.031600000000001103e+02
2.020400000000002478e+02
2.034400000000001683e+02
2.051200000000001751e+02
2.032800000000002001e+02
2.038999999999999773e+02
2.039800000000001603e+02
2.030600000000000875e+02
2.035400000000001626e+02
2.036599999999999682e+02
2.037200000000000557e+02
2.042400000000001796e+02
2.042599999999999056e+02
2.019600000000000648e+02
2.015599999999999739e+02
2.027599999999999909e+02
2.029400000000001114e+02
2.027799999999999727e+02
2.040599999999998033e+02
2.039800000000000466e+02
2.043800000000000807e+02
2.037600000000000762e+02
2.026800000000000637e+02
2.029399999999999693e+02
2.032000000000001023e+02
2.038199999999999932e+02
2.019600000000000364e+02
2.038200000000001069e+02
2.036599999999999682e+02
2.028600000000000136e+02
2.048999999999999488e+02
2.023000000000002387e+02
2.032999999999996987e+02
2.042800000000002285e+02
2.037999999999999829e+02
2.037000000000001592e+02
2.030800000000001830e+02
2.039200000000003854e+02
2.033600000000000136e+02
2.045999999999999659e+02
2.037000000000000171e+02
2.043600000000000989e+02
2.051200000000000898e+02
2.030200000000000387e+02
2.053199999999999648e+02
2.053200000000002774e+02
2.046400000000000432e+02
2.035399999999999352e+02
2.030000000000000853e+02
2.033600000000002126e+02
2.038599999999999000e+02
2.036200000000000898e+02
2.045800000000000978e+02
2.028999999999999488e+02
2.039600000000000364e+02
2.055600000000001728e+02
2.036400000000000432e+02
2.045000000000001421e+02
2.051800000000000637e+02
2.031200000000000330e+02
2.037000000000000739e+02
2.043599999999999284e+02
2.049600000000002353e+02
2.038600000000000705e+02
2.031799999999999500e+02
2.032800000000000011e+02
2.040199999999999250e+02
2.036999999999999034e+02
2.048999999999998636e+02
2.044199999999999591e+02
2.039400000000000546e+02
2.034599999999999227e+02
2.018199999999999079e+02
2.046400000000001853e+02
2.048199999999999648e+02
2.041400000000002990e+02
2.048799999999998818e+02
2.028400000000002308e+02
2.060600000000000875e+02
2.027199999999999704e+02
2.040999999999999091e+02
2.023599999999999852e+02
2.041200000000000614e+02
2.030999999999999091e+02
2.044400000000001683e+02
2.036800000000000352e+02
2.026200000000000614e+02
2.042200000000001978e+02
2.039400000000000546e+02
2.036200000000001467e+02
2.036400000000001853e+02
2.034799999999998761e+02
2.041799999999999784e+02
2.032600000000000193e+02
2.048600000000001558e+02
2.034799999999999045e+02
2.039600000000002353e+02
2.053799999999999670e+02
2.030599999999998886e+02
2.025799999999997851e+02
2.021200000000000330e+02
2.026200000000002319e+02
2.015199999999999250e+02
2.041999999999999886e+02
2.045800000000001262e+02
2.054400000000000546e+02
2.051600000000000819e+02
2.044000000000001478e+02
2.031000000000000512e+02
2.034600000000002353e+02
2.039799999999999613e+02
2.018400000000000318e+02
2.048600000000000421e+02
2.033400000000000318e+02
2.034799999999999898e+02
2.035599999999998886e+02
2.047600000000000762e+02
2.022000000000001307e+02
2.015400000000000205e+02
2.031000000000001364e+02
2.028800000000001944e+02
2.027800000000002854e+02
2.040400000000001057e+02
2.030000000000002274e+02
2.060399999999999352e+02
2.042399999999999807e+02
2.009200000000002149e+02
2.032199999999999989e+02
2.055200000000000102e+02
2.045000000000001137e+02
2.046800000000001489e+02
2.033199999999999648e+02
2.042999999999999829e+02
2.046199999999998340e+02
2.039199999999999022e+02
2.032199999999997715e+02
2.032000000000000455e+02
2.039599999999996953e+02
2.028399999999999181e+02
2.042800000000002854e+02
2.039000000000000625e+02
2.041200000000001467e+02
2.040400000000000489e+02
2.047800000000000296e+02
2.041599999999999682e+02
2.048600000000001273e+02
2.012799999999999727e+02
2.039999999999999432e+02
2.028000000000000682e+02
2.024400000000001114e+02
2.028800000000001376e+02
2.033400000000001171e+02
2.046000000000000796e+02
2.022600000000000477e+02
2.042400000000001512e+02
2.036599999999998261e+02
2.045199999999999818e+02
2.028599999999999284e+02
2.042000000000001307e+02
2.031000000000000227e+02
2.039799999999997908e+02
2.033600000000002694e+02
2.025199999999999534e+02
2.041999999999997044e+02
2.045599999999997749e+02
2.043800000000000807e+02
2.029800000000001035e+02
2.030000000000000568e+02
2.049799999999997624e+02
2.025200000000001523e+02
2.023000000000002103e+02
2.038200000000001069e+02
2.045600000000000875e+02
2.044000000000000625e+02
2.037599999999999056e+02
2.043999999999999488e+02
2.025400000000001057e+02
2.039400000000001114e+02
2.036399999999999295e+02
2.024199999999998738e+02
2.030800000000000693e+02
2.036399999999998727e+02
2.031599999999999113e+02
2.027999999999999829e+02
2.027999999999999261e+02
2.059600000000000364e+02
2.031999999999999886e+02
2.046600000000001387e+02
2.042200000000000273e+02
2.050399999999998784e+02
2.028800000000000239e+02
2.037599999999998772e+02
2.051400000000001000e+02
2.032399999999998101e+02
2.029600000000001785e+02
2.034400000000001683e+02
2.039000000000000057e+02
2.041200000000001467e+02
2.047400000000000091e+02
2.022800000000001148e+02
2.050400000000001626e+02
2.043600000000000705e+02
2.045399999999999636e+02
2.034400000000001398e+02
2.033799999999999955e+02
2.026000000000002501e+02
2.033199999999998795e+02
2.021200000000000614e+02
2.031200000000002888e+02
2.034800000000002456e+02
2.032399999999999523e+02
2.044599999999999795e+02
2.053000000000002103e+02
2.048600000000000136e+02
2.046600000000001387e+02
2.038600000000003547e+02
2.045199999999998965e+02
2.038600000000002126e+02
2.031200000000001467e+02
2.037600000000000477e+02
2.021200000000000330e+02
2.026199999999999477e+02
2.042400000000000659e+02
2.023400000000001739e+02
2.025000000000001705e+02
2.031600000000000534e+02
2.052400000000000375e+02
2.035999999999999659e+02
2.022400000000000944e+02
2.030800000000000693e+02
2.032199999999998852e+02
2.049200000000001296e+02
2.038200000000001921e+02
2.039600000000000364e+02
2.066400000000001853e+02
2.046799999999999216e+02
2.051799999999999784e+02
2.040799999999999841e+02
2.052800000000003138e+02
2.066599999999999397e+02
2.038599999999999284e+02
2.045200000000002660e+02
2.036200000000002035e+02
2.032599999999999056e+02
2.042400000000000091e+02
2.030800000000000125e+02
2.022800000000001717e+02
2.047600000000000193e+02
2.031399999999999864e+02
2.026400000000003843e+02
2.026200000000000614e+02
2.017999999999999261e+02
2.033400000000000318e+02
2.036400000000002706e+02
2.051000000000003638e+02
2.013999999999999488e+02
2.049600000000000080e+02
2.043799999999999955e+02
2.017200000000002547e+02
2.031000000000000796e+02
2.031200000000000045e+02
2.033200000000000216e+02
2.039800000000001035e+02
2.041399999999999579e+02
2.034000000000000057e+02
2.020800000000000125e+02
2.036400000000002137e+02
2.046400000000001569e+02
2.053000000000002956e+02
2.045199999999999534e+02
2.043599999999999852e+02
2.038000000000001535e+02
2.036799999999998647e+02
2.039199999999998170e+02
2.037600000000000193e+02
2.024200000000000443e+02
2.030800000000000125e+02
2.055800000000001262e+02
2.028400000000000034e+02
2.032799999999997169e+02
2.021400000000001000e+02
2.028600000000002126e+02
2.041999999999998465e+02
2.026800000000001489e+02
2.038000000000000682e+02
2.018399999999999466e+02
2.053200000000002206e+02
2.036200000000000614e+02
2.039799999999999898e+02
2.024400000000000546e+02
2.046600000000000534e+02
2.041999999999998465e+02
2.021000000000001080e+02
2.022600000000000477e+02
2.040999999999999943e+02
2.055199999999999818e+02
2.015800000000000125e+02
2.040200000000000387e+02
2.044800000000001035e+02
2.050199999999999818e+02
2.030800000000000125e+02
2.025399999999998784e+02
2.038400000000001171e+02
2.041799999999999500e+02
2.039600000000001501e+02
2.041599999999997692e+02
2.030400000000000205e+02
2.019999999999999716e+02
2.039999999999998863e+02
2.046200000000001182e+02
2.036200000000002035e+02
2.024599999999999795e+02
2.040799999999999557e+02
2.040000000000002274e+02
2.033999999999999773e+02
2.027199999999999989e+02
2.026799999999999784e+02
2.057399999999999523e+02
2.016199999999999761e+02
2.021000000000000512e+02
2.038400000000000034e+02
2.035200000000002092e+02
2.049599999999999511e+02
2.035400000000000489e+02
2.026800000000001205e+02
2.024800000000001319e+02
