4.282593500698980051e+02
4.288055524874336584e+02
4.278869987237268333e+02
4.303289458864974790e+02
4.303193561795981168e+02
4.294201155852790066e+02
4.284082435027132192e+02
4.290356376205036213e+02
4.287208437015177083e+02
4.287917517964220906e+02
4.303257418296365699e+02
4.287591328953462266e+02
4.288290428718768226e+02
4.305115704292180681e+02
4.287432865324092290e+02
4.279305591402109030e+02
4.286682397712143029e+02
4.280837312110712674e+02
4.275662655872481537e+02
4.286013272348045575e+02
4.273965423032640842e+02
4.285244506500537227e+02
4.291567356886314428e+02
4.297545730058763525e+02
4.302802249834861072e+02
4.299307225077069461e+02
4.291772652511997421e+02
4.303583741669285132e+02
4.290983450525902754e+02
4.293351249647534473e+02
4.279993751649905107e+02
4.267962008891147434e+02
4.292684093738918136e+02
4.304449099587233150e+02
4.268251426884377793e+02
4.288923677605371836e+02
4.305633055945266960e+02
4.295057345479252717e+02
4.292752857348577322e+02
4.296501590413298004e+02
4.276845918923727936e+02
4.271883918648489384e+02
4.287401443430057384e+02
4.278599346388942308e+02
4.267309885423438800e+02
4.253038694120295986e+02
4.288986621620298934e+02
4.281867519325689955e+02
4.293387885965345276e+02
4.288561368861202254e+02
4.288686853525143192e+02
4.287046708220830169e+02
4.289498219663902887e+02
4.305149149046143862e+02
4.274829969305051804e+02
4.291145565943315887e+02
4.288493144406908186e+02
4.283661545758616285e+02
4.293322473642199384e+02
4.292186968127864475e+02
4.276402430820165819e+02
4.298275465681150536e+02
4.289048275892092761e+02
4.279792399177130733e+02
4.286081390905700914e+02
4.263864559405861314e+02
4.288120569802176192e+02
4.270405151865289213e+02
4.285278116014752641e+02
4.295935535379466614e+02
4.275441815564650483e+02
4.284694524457003126e+02
4.275945782514420443e+02
4.294310609690235765e+02
4.290712679570678461e+02
4.283631281397360908e+02
4.290471860842142746e+02
4.285807681478910922e+02
4.282975579416595906e+02
4.293146848024340443e+02
4.303348669524859247e+02
4.279210215836761790e+02
4.266886036379760867e+02
4.290225161991293703e+02
4.278130676486902644e+02
4.282127099515834630e+02
4.276635543653387117e+02
4.312708598271684650e+02
4.290546019054388012e+02
4.309523400245148537e+02
4.300120111010382971e+02
4.299485520296965433e+02
4.283038184480417954e+02
4.277390365143324402e+02
4.302350677330211965e+02
4.286602043012984495e+02
4.302190593662926403e+02
4.290020636947141952e+02
4.278495025663100364e+02
4.290359111553522098e+02
4.278568231859113666e+02
4.286427902776507608e+02
4.280480114337360078e+02
4.281777943832679512e+02
4.289513521270063166e+02
4.284529909275328237e+02
4.292525422704567859e+02
4.302451970461097517e+02
4.283343366553398255e+02
4.284721539308638398e+02
4.275449214271391156e+02
4.298291267145536381e+02
4.294909812961143416e+02
4.304755940154727227e+02
4.289987353030722375e+02
4.301189833274270882e+02
4.291747261958680610e+02
4.296313759501251752e+02
4.278644609809216490e+02
4.281272457823542368e+02
4.276531084055377505e+02
4.278494879657118872e+02
4.264533838341362184e+02
4.281291871920212202e+02
4.280911330785244218e+02
4.284492408048272409e+02
4.296392996416908545e+02
4.275960641519844785e+02
4.283859995903326876e+02
4.279796288045615711e+02
4.295933961024735481e+02
4.285117104778132102e+02
4.292776743896296807e+02
4.284549668758151029e+02
4.303552309633532786e+02
4.300251747473715227e+02
4.293116884810652891e+02
4.295178279566911783e+02
4.296441322666766496e+02
4.285467898815059584e+02
4.279801990870727764e+02
4.274652326846166943e+02
4.286035765960004937e+02
4.288630292401984434e+02
4.306957689068228774e+02
4.278646545982943508e+02
4.304265956375111841e+02
4.293238795471284561e+02
4.289357511446071953e+02
4.289637598101177218e+02
4.284968781387040053e+02
4.278262012713110494e+02
4.297175075776120252e+02
4.287703348165700277e+02
4.272954792537483968e+02
4.288941167560227541e+02
4.303965883128819883e+02
4.299144342549321891e+02
4.296408827217256885e+02
4.296065872665929533e+02
4.289101342905726142e+02
4.282078065704221785e+02
4.279430825982878446e+02
4.280285894829282256e+02
4.287668985879703314e+02
4.286180488530838488e+02
4.289491266846166582e+02
4.305780598982362335e+02
4.284808334643608418e+02
4.277257302321789894e+02
4.295083695376017658e+02
4.269379666269322229e+02
4.300735861114115437e+02
4.286129064374400173e+02
4.286843755140036478e+02
4.283377138163071436e+02
4.308694062127761981e+02
4.301806235035241457e+02
4.278615549281222457e+02
4.310279452121624786e+02
4.296859521440736103e+02
4.300671782956069933e+02
4.291773946696224016e+02
4.284579645866479609e+02
4.278466280599014340e+02
4.284378173454086323e+02
4.305542459102466069e+02
4.293758333745322489e+02
4.300269541608198551e+02
4.298533929657053818e+02
4.271038569320969032e+02
4.295162673511604225e+02
4.281382734537328929e+02
4.285021796966269108e+02
4.262945255197182064e+02
4.307152135117657963e+02
4.295508656080726837e+02
4.296965996095754576e+02
4.299836963388219147e+02
4.288406855971907135e+02
4.286251482849301624e+02
4.293049570812531215e+02
4.290304447046992209e+02
4.285770757100056016e+02
4.306933714649286458e+02
4.288111034069187326e+02
4.295124751119885218e+02
4.300795234087549943e+02
4.299293998215974852e+02
4.290710510563657749e+02
4.288629480243728835e+02
4.285673778417904600e+02
4.286447627771232192e+02
4.297442113115034772e+02
4.291630167488217467e+02
4.298503364692147102e+02
4.294843057018711647e+02
4.300784891322408612e+02
4.293991936891837895e+02
4.294295097721121692e+02
4.297181571722203444e+02
4.290706394185842214e+02
4.300346475306093907e+02
4.294843522167921606e+02
4.291412517568119824e+02
4.287962847374143394e+02
4.276266344003264521e+02
4.287229151117864490e+02
4.286500827940061527e+02
4.295382502065992298e+02
4.300372934369053155e+02
4.287422649700841930e+02
4.270464632026610161e+02
4.263862791934008669e+02
4.294232359401158305e+02
4.275496035769892273e+02
4.287084878997281976e+02
4.262096931969567208e+02
4.259803607600736086e+02
4.289494407606628670e+02
4.290971835179368554e+02
4.298596141297003896e+02
4.276853140886627784e+02
4.281247310051887212e+02
4.280189673278226792e+02
4.285890057294776057e+02
4.311095752265313763e+02
4.278754086913295396e+02
4.298776258407983164e+02
4.284869825930451270e+02
4.296046399236489037e+02
4.298931035638561866e+02
4.275100389322186629e+02
4.271740473232729300e+02
4.278551002942784294e+02
4.275390253929762139e+02
4.290163597815792400e+02
4.277428617379492266e+02
4.294123375264990159e+02
4.286511199427072825e+02
4.282686641802991403e+02
4.293666377101595799e+02
4.275795198961649817e+02
4.291124827732494964e+02
4.282892058695931041e+02
4.270280165281512268e+02
4.291424331971218180e+02
4.286695341461276030e+02
4.295764508632192928e+02
4.289126651730889535e+02
4.295985859269167690e+02
4.306591325998477942e+02
4.278467704526136686e+02
4.275924419642219050e+02
4.281923806363914764e+02
4.288359107335726890e+02
4.275423984550129717e+02
4.296640468775477757e+02
4.290090943314855281e+02
4.293432282053905737e+02
4.284683582834523463e+02
4.281386888646258058e+02
4.283689040258022942e+02
4.275029689362910972e+02
4.289050617029973296e+02
4.276956742170436883e+02
4.302436676163292191e+02
4.305572007181359027e+02
4.277295108041552680e+02
4.282577963718284764e+02
4.289740315021502397e+02
4.301707807259649599e+02
4.284946577250316864e+02
4.306144943007243455e+02
4.273086393647398040e+02
4.286897243220915925e+02
4.273391347389613202e+02
4.289392858218953961e+02
4.275476891444071157e+02
4.291971153604249594e+02
4.275633971275173053e+02
4.299756383964639213e+02
4.287564914087590751e+02
4.289297826143343286e+02
4.291831832405573550e+02
4.276944017859457858e+02
4.291606671918352163e+02
4.285862019041155122e+02
4.303037885254368575e+02
4.282933001610620636e+02
4.309848291363297221e+02
4.290964789811613400e+02
4.271354113268833430e+02
4.277503684160361104e+02
4.288571546578699554e+02
4.278580037845595712e+02
4.286013610662892006e+02
4.287372624338255491e+02
4.293165844589711924e+02
4.281808825329679848e+02
4.281508225149121927e+02
4.287164429369180425e+02
4.276286647867115676e+02
4.299547160001948782e+02
4.288847033796531605e+02
4.285112061303747168e+02
4.270366505643027040e+02
4.288731694496354407e+02
4.289270209895694279e+02
4.279441348410134083e+02
4.284440209617652044e+02
4.292194903207331436e+02
4.288545537160117647e+02
4.276532559940384886e+02
4.282832875550772656e+02
4.278304500002050190e+02
4.266647750632007501e+02
4.288564705615191315e+02
4.278878844197986950e+02
4.267689689352281448e+02
4.272053845823511438e+02
4.304631835693256221e+02
4.304276467644642707e+02
4.300685716754056784e+02
4.283494493192552568e+02
4.271778896834069315e+02
4.276295203736240751e+02
4.296852325608434171e+02
4.291129474798806882e+02
4.286656018217157111e+02
4.287744975202848536e+02
4.305245595226056707e+02
4.269129112404843340e+02
4.268549620836698182e+02
4.300856209929688134e+02
4.269039284257423787e+02
4.286261766957273949e+02
4.292616197053540645e+02
4.284242777492871710e+02
4.278480661684678807e+02
4.297802592739780607e+02
4.287285351153051352e+02
4.293081220648659837e+02
4.275461218046100953e+02
4.281631172876918185e+02
4.298624230103765740e+02
4.295215040815147063e+02
4.289349654573288717e+02
4.294994051687112915e+02
4.290400184636839640e+02
4.273388521978113772e+02
4.296818013342643212e+02
4.287849071105508756e+02
4.275648773686198751e+02
4.281144272244359854e+02
4.264005161478895047e+02
4.292135563659368245e+02
4.277279926871012776e+02
4.291008847632515995e+02
4.290709388628172292e+02
4.288244363611293011e+02
4.289767221569171056e+02
4.290946563665145845e+02
4.295310502336787977e+02
4.281924056479279557e+02
4.271253228676638400e+02
4.286419805463182229e+02
4.291203880811623890e+02
4.294933643821419196e+02
4.279091334596108140e+02
4.287667190432863435e+02
4.311659301722893929e+02
4.304970116495105685e+02
4.294240501817264430e+02
4.288360313082182529e+02
4.305455774686453765e+02
4.305586810293224858e+02
4.292629015391544840e+02
4.311093987188705796e+02
4.298417298905133634e+02
4.294759633934149292e+02
4.299381524204468406e+02
4.293697391613122250e+02
4.286197227114402608e+02
4.283878812592474787e+02
4.277168961535206790e+02
4.286564234684225312e+02
4.283025406606996057e+02
4.303736550732725732e+02
4.281333341548997282e+02
4.267443741888488375e+02
4.268933074880341678e+02
4.294333326486062674e+02
4.281115966708459268e+02
4.276801113091896696e+02
4.287408879806642972e+02
4.287152938106067381e+02
4.291956716214989456e+02
4.266086163002494800e+02
4.271200804870374554e+02
4.296422987492894663e+02
4.262805030874318390e+02
4.289171855547242558e+02
4.297784729930445451e+02
4.293748311039852865e+02
4.278173879867400160e+02
4.298792089866375932e+02
4.284431528836888674e+02
4.290225186668574224e+02
4.288502431133655364e+02
4.275966207941283415e+02
4.276067023017855036e+02
4.304861474650250557e+02
4.282272681801140948e+02
4.281674065367849948e+02
4.288984152103655560e+02
4.285672231727008352e+02
4.291830695073364268e+02
4.290098225356113062e+02
4.293924412953359138e+02
4.270659167835113976e+02
4.288377939920214317e+02
4.289230125931884459e+02
4.286299270034802475e+02
4.301679610511163787e+02
4.291216179865927529e+02
4.285223829601674765e+02
4.285340752339974983e+02
4.287515068141985921e+02
4.267637121836759206e+02
4.283693286952130848e+02
4.295531076406542752e+02
4.276721561542615859e+02
4.292460537286989393e+02
4.281235910101453896e+02
4.285622587965167440e+02
4.304896140487974776e+02
4.273883685764025131e+02
4.276972734879005884e+02
4.300798370189090747e+02
4.289901582453491073e+02
4.294555110482490932e+02
4.276550177579474052e+02
4.304564247322882125e+02
4.291005490827284916e+02
4.293986873344045989e+02
4.282636806922852202e+02
4.284048643020707345e+02
4.283910752576888399e+02
4.256776465560821521e+02
4.292328908637309155e+02
4.284997100650362540e+02
4.271848607699492391e+02
4.289682798845465186e+02
4.273559750037934464e+02
4.301433351932385563e+02
4.291191539536790174e+02
4.277752241154033754e+02
4.317784795911479137e+02
4.295542972713894301e+02
4.296538728688680067e+02
4.268399156229321534e+02
4.282637489973616880e+02
4.289089585506263234e+02
4.278700158179307209e+02
4.301258568878214987e+02
4.278012282594294788e+02
4.293036196300008669e+02
4.285589222231662347e+02
4.288250447786269888e+02
4.283797711052733916e+02
4.296661742411070577e+02
4.294795055381425186e+02
4.276646364008420278e+02
4.289393841330780788e+02
4.271467766403793576e+02
4.284787030928580407e+02
4.281454375840182820e+02
4.273305717516429354e+02
4.269268117689856012e+02
4.294744111013700376e+02
4.270959546589257343e+02
4.280292663813613672e+02
4.292833066715646169e+02
4.286042845333305422e+02
4.303103046667047806e+02
4.296516612100206203e+02
4.301445201345540568e+02
4.279321053702319091e+02
4.296621599130955929e+02
4.289835850031211635e+02
4.293134312367287180e+02
4.286678732969767225e+02
4.295021186618503179e+02
4.307492306334965519e+02
4.289654867418918229e+02
4.290749003683386036e+02
4.289591332092296625e+02
4.293819840349501078e+02
4.299656979649432742e+02
4.291085690501115550e+02
4.294941186665761848e+02
4.289580346456004349e+02
4.294013164246571250e+02
4.295779907855443867e+02
4.283970180954133866e+02
4.274461117721922960e+02
4.286758910039206398e+02
4.284374161068166131e+02
4.297889746728052955e+02
4.285666811942367076e+02
4.301943718763196784e+02
4.285204175392549359e+02
4.285565196865522921e+02
4.302632485399736879e+02
4.296613211123845417e+02
4.263900656591977736e+02
4.277463446256652446e+02
4.276422382434720930e+02
4.278129245414210686e+02
4.285230963151896049e+02
4.300497540721446512e+02
4.288777681273287499e+02
4.316568950853289266e+02
4.283168433184302444e+02
4.303099550987985822e+02
4.283523933903366014e+02
4.291111245996901289e+02
4.298782244271297373e+02
4.285449364479795236e+02
4.299636116341473553e+02
4.268631450217410475e+02
4.288694541530071547e+02
4.293908463845347683e+02
4.273464660088829987e+02
4.295010211033833798e+02
4.289249746425331864e+02
4.293214606481319606e+02
4.282604189544586006e+02
4.291802315460000159e+02
4.290898050775632555e+02
4.277337570044294353e+02
4.278257371879992093e+02
4.292360420526140956e+02
4.291252741035760323e+02
4.295272111915630830e+02
4.270294147057907139e+02
4.278604128284280819e+02
4.288054222223632905e+02
4.305225486259132026e+02
4.284327540824910443e+02
4.290669852472997263e+02
4.298526648155788052e+02
4.296258670913070432e+02
4.280064650300342919e+02
4.286153729535649859e+02
4.302100779499314740e+02
4.287370431586821837e+02
4.289865436338462246e+02
4.284560216289511914e+02
4.279310586785376813e+02
4.294535065223653874e+02
4.312532740002301352e+02
4.301564741418918061e+02
4.267163219067617774e+02
4.293301459004698586e+02
4.300717867834350159e+02
4.295410144024104966e+02
4.304782424526124487e+02
4.295680712990134680e+02
4.291552126240790130e+02
4.293945320604631206e+02
4.274167033676752681e+02
4.311523558059966490e+02
4.300344061631670343e+02
4.289625378220476932e+02
4.298153838319905162e+02
4.285884893062462311e+02
4.308005105702168294e+02
4.285510764902624601e+02
4.288424779542393139e+02
4.305252108653866117e+02
4.307476305554025657e+02
4.271487406912094116e+02
4.282406505557503920e+02
4.285772557183835261e+02
4.298947411888045167e+02
4.285016443651841200e+02
4.297243863689948853e+02
4.300258637954104302e+02
4.273086224049171165e+02
4.307462818593451743e+02
4.286948809092069155e+02
4.279704055087229335e+02
4.291562084390771474e+02
4.289877236325774561e+02
4.306100197494476447e+02
4.319904183920777996e+02
4.297954281328451884e+02
4.286225056453709499e+02
4.299349828187575895e+02
4.279134646209687389e+02
4.318484868800542813e+02
4.280460131170696059e+02
4.290889517740240535e+02
4.256196111634773160e+02
4.284101889968238766e+02
4.297723906898904715e+02
4.294848560035363789e+02
4.295451997172528991e+02
4.293132792850838655e+02
4.281511814076863516e+02
4.276849218672887787e+02
4.307445367876646287e+02
4.284606704438234033e+02
4.302041733523878406e+02
4.293469964245112465e+02
4.292701781941216268e+02
4.302009859343317544e+02
4.291875177186497012e+02
4.275768959291646070e+02
4.298307355869877711e+02
4.283820636433661093e+02
4.281178439339851707e+02
4.294827040083577572e+02
4.297758259250132369e+02
4.270824528808740297e+02
4.300819574638227891e+02
4.276911114626822723e+02
4.277921988829427278e+02
4.300026579187410221e+02
4.292287432948136825e+02
4.284818160771433782e+02
4.298658799400218982e+02
4.287078187477557094e+02
4.288834717664759637e+02
4.298677471549485745e+02
4.277751981824281984e+02
4.291213950569179474e+02
4.292804768638471842e+02
4.298185623936731190e+02
4.281317261964485965e+02
4.283053706775301634e+02
4.310520845624167237e+02
4.283013121145916671e+02
4.298024192983683633e+02
4.285662625622248925e+02
4.288899468303623053e+02
4.267739860166726658e+02
4.296763081567839322e+02
4.282127802535165983e+02
4.281346301735352995e+02
4.284430633768830603e+02
4.289755626943004359e+02
4.288532202867737055e+02
4.284584857470189831e+02
4.302418655944810553e+02
4.305282782407822992e+02
4.295294087345685625e+02
4.270642823115707643e+02
4.275987335151239108e+02
4.286004148379843741e+02
4.288446235078493487e+02
4.277518649529459935e+02
4.286484196878116677e+02
4.285010466240206028e+02
4.291499938688954217e+02
4.272354849985457008e+02
4.292108393022081145e+02
4.294905345165902304e+02
4.299891157194269340e+02
4.302890368785909914e+02
4.276957591508119094e+02
4.268945492425548309e+02
4.291120328689380585e+02
4.283766117298286531e+02
4.284830646541971078e+02
4.305268525093629819e+02
4.291888559358174575e+02
4.296377666713222538e+02
4.302605997585845330e+02
4.288443640859402990e+02
4.309941485707589095e+02
4.282049462050897546e+02
4.298403291844317096e+02
4.295313318291590008e+02
4.279614829773601059e+02
4.289731024788357558e+02
4.288672360958489094e+02
4.287690943292309385e+02
4.280961317517547400e+02
4.264722393427251745e+02
4.288074252734385823e+02
4.290233534396836035e+02
4.297743568043892992e+02
4.278805630811746141e+02
4.313169008287292741e+02
4.281446640528586727e+02
4.290919390368490554e+02
4.275805827158740726e+02
4.290118289818507833e+02
4.299803048456014949e+02
4.288223751126521393e+02
4.299051445842570160e+02
4.303474059729236956e+02
4.289345054103426946e+02
4.278262676095229153e+02
4.281977398172472249e+02
4.291761644422430209e+02
4.263808904773411541e+02
4.297556030560636486e+02
4.276738588628108459e+02
4.272282208661762297e+02
4.314448803173754641e+02
4.283856620843268388e+02
4.288980412149677477e+02
4.301842414454073378e+02
4.297112948163970714e+02
4.296563679612775104e+02
4.302648400412969067e+02
4.288441506036922419e+02
4.292282920083185900e+02
4.287918730065849218e+02
4.285981629263245054e+02
4.278742416436978715e+02
4.274067853944966373e+02
4.287600058525184750e+02
4.278868528197870091e+02
4.292433384788882336e+02
4.301363999858298257e+02
4.294857307971635692e+02
4.280267932716697601e+02
4.293414055375683347e+02
4.277780920955993906e+02
4.287000501395179413e+02
4.272542673779744860e+02
4.288320566972790857e+02
4.280071947321212633e+02
4.288450352297063546e+02
4.293424657886022828e+02
4.282838245732456244e+02
4.305765441075052422e+02
4.287981867102802198e+02
4.290035426827957963e+02
4.276141837895276012e+02
4.294038692542762874e+02
4.287060831546127133e+02
4.274350624354611341e+02
4.293599204328170913e+02
4.292854501868579291e+02
4.293433250708571904e+02
4.282676356933804414e+02
4.306639915818477675e+02
4.284465389108750628e+02
4.297610974449609671e+02
4.278030139101194322e+02
4.288344719235915932e+02
4.272013716268628514e+02
4.294434475274675833e+02
4.296443644779474198e+02
4.290858853091863807e+02
4.284200247117170193e+02
4.272731571177422438e+02
4.289842152300040539e+02
4.282774045030772641e+02
4.289386357769402025e+02
4.301092543103105186e+02
4.280832248656570300e+02
4.279736231913494748e+02
4.306316333844616224e+02
4.276011177949638409e+02
4.276191516068938654e+02
4.312039800874530897e+02
4.291864780902469647e+02
4.291697263170550514e+02
4.287282351719025542e+02
4.285492649158895233e+02
4.305875576883847202e+02
4.287739580009989595e+02
4.287186564474999386e+02
4.302816881859286013e+02
4.290356535032994429e+02
4.287048021020466422e+02
4.280183432947162032e+02
4.307132461040736757e+02
4.290042179784443306e+02
4.292529255938406436e+02
4.315564312149577404e+02
4.271853411700049605e+02
4.284838859571169110e+02
4.296552780064361059e+02
4.287447775463177209e+02
4.278614903645637924e+02
4.296314148410003213e+02
4.305152529570758588e+02
4.285086198700540763e+02
4.285941999739534936e+02
4.309346948283633196e+02
4.304352106647073697e+02
4.285676910477922661e+02
4.300464101207467706e+02
4.268391632238401598e+02
4.294193382881707635e+02
4.273532508561365262e+02
4.285147154211552447e+02
4.289839362871638286e+02
4.285532797573644643e+02
4.289310069267178847e+02
4.284249951476465981e+02
4.279117746983837947e+02
4.300145551395389134e+02
4.276967877205040622e+02
4.279738677335954549e+02
4.290693603527896585e+02
4.312591676273854659e+02
4.287457495663740588e+02
4.297425843132753585e+02
4.273859047000079840e+02
4.270607897107400959e+02
4.289985450596408896e+02
4.286404462836368907e+02
4.303640896054444056e+02
4.278064503854888585e+02
4.266475127532247598e+02
4.292442042926861632e+02
4.284005799213927617e+02
4.290320471971331813e+02
4.292555175700441623e+02
4.289738014293605488e+02
4.293480616933759393e+02
4.285930933280207000e+02
4.292974769821257723e+02
4.277741318767123744e+02
4.294711205661621989e+02
4.310382299198498117e+02
4.272041301509995606e+02
4.290901532906046327e+02
4.278754960578757505e+02
4.302291848761681763e+02
4.273038841358157356e+02
4.270498748393154074e+02
4.281787804698652167e+02
4.289781967436284162e+02
4.283447687299787958e+02
4.282022506770936729e+02
4.299955250751669382e+02
4.293259436815482673e+02
4.304865837368951134e+02
4.275240428637551418e+02
4.270434855558179947e+02
4.299278813731997388e+02
4.282984714627496601e+02
4.280193156954800315e+02
4.295000190787456518e+02
4.278269639649935812e+02
4.289736385017933458e+02
4.296238482781006383e+02
4.288750439379881527e+02
4.300306730290695327e+02
4.301436423941942735e+02
4.271807940545090219e+02
4.274833154600957528e+02
4.292578653695047706e+02
4.275021364372698258e+02
4.281399604927812561e+02
4.304916434931520257e+02
4.289041431449895754e+02
4.291923565309498940e+02
4.293495050714547006e+02
4.291046725605148140e+02
4.282040508794202083e+02
4.275983009763087921e+02
4.299871016134848674e+02
4.319185472066629359e+02
4.291702438515829954e+02
4.294087510547432203e+02
4.284841568144112784e+02
4.277567426407981088e+02
4.301145574496642894e+02
4.298680159709890063e+02
4.292769567184021753e+02
4.266141528070926370e+02
4.278080934797283703e+02
4.280267788789487327e+02
4.299444020785743987e+02
4.286547148005818144e+02
4.287082479350810331e+02
4.289554990789107478e+02
4.263342987619213318e+02
4.279759340655540427e+02
4.284051995549863818e+02
4.270917922176259935e+02
4.284516119888818366e+02
4.278550628558737117e+02
4.294022623538773473e+02
4.281474785429609824e+02
4.290017412874394722e+02
4.293336049840681312e+02
4.284231788197826063e+02
4.282822557332930842e+02
4.289828955403889381e+02
4.304109549472641447e+02
4.286961007588555503e+02
4.289397874718088701e+02
4.289028786867119152e+02
4.293923599182514295e+02
4.290661643463683390e+02
4.288480550707138264e+02
4.286303500971708331e+02
4.283798020848060446e+02
4.295855613853548221e+02
4.288099038595588013e+02
4.294987898973302549e+02
4.288717506921655058e+02
4.291509071976533392e+02
4.268858443774755074e+02
4.284521167540568740e+02
4.288059699139135432e+02
4.301275946805556600e+02
4.289368655534568120e+02
4.288903755183784483e+02
4.303206844760795207e+02
4.291125555073168130e+02
4.298504195185788603e+02
4.304747765748283541e+02
4.286318644992942950e+02
4.294297437298263276e+02
4.284130827737511140e+02
4.297565267396943227e+02
4.304306604971860679e+02
4.303162690437296192e+02
4.270347445652350871e+02
4.304476609117332373e+02
4.286353094635533694e+02
4.299969021777986882e+02
4.270711159672882218e+02
4.278511292073076220e+02
4.286990559751938008e+02
4.276758086217598134e+02
4.285482707053831177e+02
4.287042242932411682e+02
4.262673492054505573e+02
4.294715309284394493e+02
4.286917109012985065e+02
4.290415575484409487e+02
4.260297895170645575e+02
4.302941301782714163e+02
4.289711332764908320e+02
4.272727924983084904e+02
4.280003163309345950e+02
4.274428125994572838e+02
4.261548088920959572e+02
4.284582465423892472e+02
4.274337236185318716e+02
4.283053917551926020e+02
4.295069313750516358e+02
4.278149795154145067e+02
4.290134489974760754e+02
4.307613655505828660e+02
4.277128776164493615e+02
4.290943551802714637e+02
4.300792161195051904e+02
4.266591519700300523e+02
4.296761644873768660e+02
4.285518618099466721e+02
4.315154443639182205e+02
4.289185208336449477e+02
4.303312757232482113e+02
4.287947871991266311e+02
4.279909753303477373e+02
4.303550929622194872e+02
4.283512277601181495e+02
4.285667195816307640e+02
4.297890910392692945e+02
4.283469930785501560e+02
4.272656119515531827e+02
4.289421332582588207e+02
4.278046380450111315e+02
4.289298431161424787e+02
4.282619328632115412e+02
